 -75.23920093800275
 -73.99534065831229
 -72.74106439694725
 -71.4876893765498
 -70.23509740158319
 -68.98192922337502
 -67.72920427842959
 -66.47577016026378
 -65.22337025304437
 -63.97037936814129
 -62.718127205342796
 -61.46532838818692
 -60.21245569882057
 -58.96055812263228
 -57.708867388633266
 -56.45698458688706
 -55.205279078445955
 -53.95457823206708
 -52.703685317941016
 -51.4546244346343
 -50.20482482922301
 -48.95740390898846
 -47.70490058067441
 -46.448230859690526
 -45.188059595930945
 -43.92584945916273
 -42.66235394593253
 -41.39749918402992
 -40.131196526802334
 -38.863977854165064
 -37.596847828180344
 -36.32874268901758
 -35.0599579255186
 -33.79075947764106
 -32.52221110521555
 -31.253544537253305
 -29.984612029333412
 -28.71429072385691
 -27.44445697496943
 -26.175494918165356
 -24.905306582667677
 -23.63604903702177
 -22.36623006257638
 -21.096662253646553
 -19.826444369264692
 -18.556994755871592
 -17.28748604471013
 -16.017755716917293
 -14.74892663009204
 -13.479875926635414
 -12.210618380989507
 -10.94184839193262
 -9.672413552981615
 -8.404175443840026
 -7.135878236930072
 -5.867004826778547
 -4.596609649091586
 -3.324899546058476
 -2.0526575631100683
 -0.7790415570471436
 0.4963769309509546
 1.7707464335605503
 3.0469036436632275
 4.323592733681202
 5.599735169341788
 6.877030011485517
 8.154768086891993
 9.433097139982134
 10.711780779682472
 11.990449644940718
 13.26953219457753
 14.54889545861408
 15.829233835828676
 17.109232400875165
 18.38983671804741
 19.66982050865181
 20.95038050249778
 22.231014368554202
 23.512327858946843
 24.792858303908634
 26.07427521539591
 27.355633029114827
 28.637729564938322
 29.920092040719464
 31.202159027658777
 32.48493518781848
 33.76717946806289
 35.04951239495985
 36.331904419625175
 37.61533065523691
 38.8976044843655
 40.180942073324694
 41.463836429021136
 42.747055822443585
 44.03089574243389
 45.314410624698176
 46.59801415361501
 47.88129264480583
 49.16557579805888
 50.44953391358591
 51.73833804611899
 53.02817638959848
 54.31822157526724
 55.60885773861967
 56.898577886562414
 58.18862307223119
 59.47881600232087
 60.7690975790631
 62.05834494485892
 63.348626521601155
 63.86635252137445
 64.08259125582687
 64.29874134362676
 64.5149209803108
 64.73113016587905
 64.94728025367894
 65.16348943924717
 65.37987591812052
 65.59605555480458
 65.32721980650611
 64.11187420005238
 62.89889250433333
 61.6853198309306
 60.470978886539115
 59.256667491031806
 58.04333120870255
 56.82966988864727
 57.2427041917596
 57.97235478889458
 58.70250771706067
 59.43198102089055
 60.16118838476278
 60.89107537297122
 61.62108055671639
 62.35055386054627
 63.080027164376155
 63.27333596470244
 63.27259724259786
 63.27185852049328
 63.2711197983887
 63.270381076284124
 63.26964235417954
 63.26890363207497
 63.26816490997039
 62.25818404858969
 61.04357716424055
 59.82784742229245
 58.6134473801326
 57.39827906698398
 56.183553987098115
 54.96806063622348
 53.75389698513709
 52.53884686752521
 51.324121787639335
 50.109721745479476
 48.894228394604845
 47.680182939055186
 46.46489643036984
 45.728597334293646
 46.02172226539068
 46.31458125653006
 46.60744024766944
 46.90035833657719
 47.19321732771657
 47.48616496550851
 47.77905350553207
 48.072001143324
 48.364948781115935
 48.65798506556042
 48.950991801120715
 49.24393943891264
 49.53691662558876
 49.82998245891743
 50.122930096709354
 50.41590728338547
 50.7088549211774
 51.27247033808715
 52.56287011036612
 53.85291529603489
 55.14307867724039
 56.43371484059281
 57.72423280840851
 59.01439618961401
 60.30444137528278
 61.594486560951545
 62.885240919840705
 64.17528610550947
 65.46544948671497
 66.75564241680466
 68.04627858015708
 69.33667835243605
 70.62672353810481
 71.91700511484704
 73.20716849605255
 74.4979228549417
 75.17606974694542
 75.3121719074931
 75.44830361692496
 75.58443532635681
 75.72053748690449
 75.85661009856798
 75.99268271023146
 76.1288439685475
 76.264916580211
 76.40101874075867
 76.53709135242215
 76.67319351296983
 76.8093252224017
 76.94539783406518
 77.08147044572868
 77.21760215516052
 77.35376341347657
 77.48986557402425
 77.62596773457192
 77.7620698951196
 77.89817205566726
 78.03433331398331
 78.17043547453098
 78.30656718396283
 78.44266934451052
 78.57883060282656
 78.71493276337422
 78.8510053750377
 78.98713708446957
 79.12329834278562
 79.2593709544491
 79.39547311499678
 79.53157527554444
 79.6677069849763
 79.80380914552397
 79.93994085495584
 80.07604301550352
 80.21217472493537
 80.34830643436722
 80.48440859491488
 80.62051075546258
 80.75661291601025
 80.89274462544209
 81.02884678598978
 81.16494894653745
 81.3010806559693
 81.43721236540117
 81.57337362371719
 81.70947578426488
 81.84551884704418
 81.98168010536023
 82.11784136367626
 82.25391397533976
 82.39004568477161
 82.52614784531927
 82.6623386525195
 82.79844081306719
 82.93454297361485
 83.07064513416253
 83.2067472947102
 83.34293810191042
 83.4790402624581
 83.6150833252374
 83.75154007239529
 83.894586220726
 84.03763236905671
 84.18064896850325
 84.32366556794977
 84.46674126516469
 84.6097874134954
 84.75277446405775
 84.89579106350429
 85.03880766295083
 85.18188336016574
 85.32487041072808
 85.4679165590588
 85.61093315850533
 85.75400885572023
 85.89708455293514
 86.04010115238168
 86.18308820294402
 86.32616390015893
 86.46918049960546
 86.61213800128364
 86.75518414961434
 86.89820074906088
 87.04127644627579
 87.18426349683813
 87.32733919405304
 87.47032624461539
 87.6134019418303
 87.756448090161
 87.89949423849173
 88.04251083793827
 88.18555698626898
 88.3286031345997
 88.47159018516204
 88.61463633349277
 88.7576824818235
 88.9007286301542
 89.04371568071656
 89.18667318239473
 89.32971933072544
 89.47279502794035
 89.61578207850269
 89.75879867794923
 89.90181527739576
 90.04489097461067
 90.1879075740572
 90.33095372238793
 90.47399987071863
 90.61701647016518
 90.7600626184959
 90.9031087668266
 91.04615491515733
 91.18914196571968
 91.3321881140504
 91.4752638112653
 91.61825086182766
 91.76126746127419
 91.90434315848908
 92.04735975793564
 92.19040590626634
 92.33342250571287
 92.47643910515943
 92.61951480237431
 92.76253140182085
 92.84665707509033
 92.70384731783308
 92.56094891392328
 92.41813915666602
 92.27532939940876
 92.13251964215152
 91.98968033601007
 91.84684102986864
 91.7040312726114
 91.56122151535413
 91.41838220921271
 91.27554290307127
 91.13273314581402
 90.98989383967258
 90.84708408241534
 90.70427432515807
 90.561494116785
 90.41868435952775
 90.2758450533863
 90.13303529612905
 89.99019598998763
 89.84735668384619
 89.70457647547312
 89.56176671821586
 89.41889786319024
 89.276088105933
 89.13327834867574
 88.99049814030268
 88.84762928527705
 88.7048195280198
 88.56206886853091
 88.41922956238948
 88.27641980513222
 88.13352140122241
 87.99074119284934
 87.8479314355921
 87.70509212945065
 87.56219372554087
 87.4194135171678
 87.27663330879471
 87.13388264930585
 86.99110244093275
 86.84829268367551
 86.70545337753408
 86.56270271804519
 86.41986341190375
 86.27702410576232
 86.13418479962087
 85.99137504236363
 85.84856528510637
 85.70569643008075
 85.56291622170768
 85.42007691556626
 85.27726715830899
 85.13439830328338
 85.21565773478709
 86.50570292045586
 87.79562991058789
 89.08605923175104
 90.37645900403
 91.66656328746713
 92.95693351086193
 94.24733328314089
 95.53808764203004
 96.82828057211972
 98.11811891559921
 99.4086368834149
 100.69903665569386
 101.98934778132029
 103.27948161364161
 104.56964499484711
 105.8598083760526
 107.15026724609993
 108.44054882284217
 109.73041671520583
 111.02075738971642
 112.31139355306885
 113.6013205432009
 114.89115888668037
 116.18120407234913
 117.47184023570156
 118.7617672258336
 119.06263396458662
 118.96231550278476
 118.86196749209873
 118.76167857918105
 118.66136011737919
 118.56110075334571
 118.46078229154385
 118.360463829742
 118.2602044657085
 118.15988600390665
 118.05959709098897
 117.95930817807131
 117.85896016738526
 117.75867125446759
 117.65838234154992
 117.55806387974806
 117.45771586906201
 117.35739740726015
 116.43765883817485
 115.14764320139027
 113.85691839138529
 112.56696185236909
 111.2769462155845
 109.98687148103154
 108.69682629536278
 107.4068402074624
 106.1168245706778
 104.8273408138085
 103.53711833483464
 102.24674811143987
 100.95679157242364
 99.66665774010234
 98.95789820408486
 99.05803937258162
 99.15812144331001
 99.25820351403839
 99.35828558476679
 99.45842675326354
 99.55850882399193
 99.65862044360452
 99.75873206321708
 99.85881413394547
 99.95892575355806
 100.05900782428644
 100.15914899278322
 100.25920151462742
 100.35928358535581
 100.45936565608419
 100.55947727569676
 101.08592019630409
 102.37611312639378
 103.66586282322072
 104.95587846000531
 106.24604184121078
 107.53650071125813
 108.82651634804272
 110.11650243594312
 111.40663626826442
 112.69697694277502
 113.98776085054837
 115.2778651339855
 116.56799896630682
 117.85833964081742
 119.1487098642122
 120.43857775657587
 121.72841610005536
 123.01908181229197
 124.30924519349745
 125.59994045461826
 126.88974924921355
 128.17890796835684
 129.46865766518377
 130.7596188662622
 132.04916172089986
 133.33905916214772
 133.85885358381384
 133.7507637654718
 133.64264439824558
 133.53455457990356
 133.42646476156153
 133.31843404098785
 133.21034422264583
 133.10228395318796
 132.9941350370776
 132.88607476761973
 132.77804404704608
 132.66995422870403
 132.56192350813038
 132.45386323867254
 132.34571432256215
 132.23765405310428
 132.12956423476226
 132.0215630630728
 131.91347324473077
 131.8054129752729
 131.6972640591625
 131.58920378970467
 131.48111397136262
 131.3729946041364
 131.2648752369102
 131.15681496745236
 131.0488137957629
 130.94072397742084
 130.83257506131045
 130.7245147918526
 130.61645452239475
 130.5083942529369
 130.4002748857107
 130.29224416513702
 130.18424299344755
 130.07612362622135
 129.96803380787932
 129.8598848917689
 129.75185417119525
 129.64367570620067
 129.53558588785864
 129.42749606951662
 129.31943580005876
 129.21137553060092
 129.1032857122589
 128.9951663450327
 128.88710607557482
 128.77904580611698
 128.67098553665915
 128.5628957183171
 128.45483544885926
 128.34677517940142
 128.23871490994355
 128.13062509160153
 128.0225352732595
 127.91447500380166
 127.80638518545962
 127.69832491600178
 127.59020554877557
 127.48214527931772
 127.37411455874405
 127.2660838381704
 127.15793492206
 128.1419423142437
 129.42374336122535
 130.70575125039628
 131.98778868845142
 133.2702398108851
 134.55218860228769
 135.83431468699538
 137.11652941835558
 138.39909873632604
 139.68110662549697
 140.9626121836368
 142.24512240383885
 143.52754397738835
 144.80931547548585
 146.09108697358332
 147.37309486275427
 148.6553095941145
 149.93731748328545
 151.2192958235722
 152.50124461497478
 153.7836366396401
 155.06638325091564
 156.3486570800442
 157.6302217359524
 158.9123773695443
 160.19500578528306
 161.4764817945387
 162.75851923259384
 164.04026118180715
 165.32253501093572
 166.60495658448522
 167.8869644736562
 169.16947469385823
 170.45139393637663
 171.7328403967481
 173.01473009038233
 174.29620609963794
 175.57780030443035
 176.86057646459008
 178.14231841380337
 179.4246513407003
 180.7062159966085
 181.98854892350545
 183.27102959482332
 184.5530079351101
 185.83474988432337
 187.1166395779576
 188.39900205373874
 189.68130543175155
 190.96310647873318
 192.24520301455667
 193.52818601690566
 194.80983931946642
 196.09205405082665
 197.3738846466925
 198.65621757358943
 199.93813681610786
 201.21990831420533
 202.5022412411023
 202.48841236330458
 201.2057248497974
 199.92371696062645
 198.64164997368718
 197.359612535632
 196.07713186431414
 194.7951239751432
 193.51332292816156
 192.2313150389906
 190.94980948085077
 189.66729926064872
 188.38546866478285
 187.10369716668538
 185.82133469090425
 184.5390904106598
 183.25714161925725
 181.97525192562304
 180.69318493868371
 179.41123614728116
 178.1287554759633
 176.8464816468347
 175.56447375766376
 174.2826431617979
 173.00007384382747
 171.71791821023558
 170.4362058099065
 169.15428656738808
 167.87192409160693
 166.58985710466766
 165.30773101995996
 164.0261368151676
 162.74427667041755
 161.46153005914204
 160.17925623001344
 158.89733698749504
 157.61529954943992
 156.33273023146947
 155.05087008671947
 153.76865535535924
 152.48688385726177
 151.20395995268115
 149.92212935681528
 148.6398850765709
 147.35790673628412
 146.07589884711317
 144.7930635891851
 143.51135118885597
 142.22913645749577
 140.94706947055644
 139.6648842880804
 138.382965045562
 137.1010753519278
 135.8189788161043
 134.53649814478644
 133.25416521788947
 131.97242326867618
 130.69059267281034
 129.4083483925659
 128.12604501455314
 127.06863819405845
 126.70669391169882
 126.34477917822339
 125.98265760255866
 125.6207428690832
 125.25879858672357
 124.89688385324814
 124.53485092423594
 124.17290664187631
 123.81099190840088
 123.4491067238096
 124.55541694762744
 125.83819310778713
 127.12008280142135
 128.40206114170812
 129.68170512014441
 129.91162498797362
 129.76571259787715
 129.55473356480934
 129.29544210610203
 128.99587551825306
 128.66200267586746
 128.2973103472788
 127.90472387202121
 127.48672535636612
 127.04502863559611
 126.58176122937239
 126.09801644640974
 125.59500579095968
 125.07382257173694
 124.53573739076145
 123.98154806790612
 123.41175693420209
 122.82701406510137
 122.2283241226662
 121.61624853569603
 120.99155557517967
 120.35448163219056
 119.7052040000338
 119.04493418296092
 118.37331759436168
 117.69008829427845
 116.9946257561434
 116.28675268665143
 115.56617359696068
 114.83244525380843
 114.08500622839517
 113.32356103187911
 112.5481687620286
 111.75773611012885
 110.95223352729566
 110.13115868249797
 109.29522074895614
 108.44344461349212
 107.57535749395899
 106.69095939035677
 105.79025030268542
 104.87325977982916
 103.93978097959868
 102.98960705980473
 102.02365403585695
 101.04189235887117
 100.04449932215252
 99.03182951231115
 98.00417841818891
 96.96249160407967
 95.9077146342773
 94.83981795989759
 93.7597766941186
 92.66824091239236
 91.56654031450712
 90.4547339982312
 89.33409256558456
 88.20603436300792
 87.07070713492222
 85.92855411459021
 84.77532026268952
 83.61094648145176
 82.43634878628663
 81.25294552363492
 80.06120947564355
 78.86125883784926
 77.65465970111377
 76.44182574981562
 75.2226387884181
 73.9977784412574
 72.76774703936465
 71.53328330484442
 70.2942394932758
 69.05123613122664
 67.80391863208673
 66.55293707130812
 65.30000528417341
 64.04264116441122
 62.78143568970523
 61.517777657612044
 60.25276037684641
 58.98348805675842
 57.71155633709393
 56.43773348884172
 55.16284688075893
 53.8855372641731
 52.60583418796845
 51.32391494545005
 50.04178886074237
 48.75729886530004
 47.471656463374565
 46.184802557197585
 44.897594064410406
 43.60834669861458
 42.32119730359577
 41.03218632887341
 39.7415206166368
 38.4504707689058
 37.15945047005899
 35.86973032211624
 34.57950784314237
 33.28987634185217
 32.00039258498288
 30.712356723438575
 29.425591463914138
 28.138855753273887
 26.853124704695862
 25.568324445969612
 24.284528849305584
 23.00096964371502
 21.719212920059636
 20.43860860288739
 19.15933398550339
 17.881359519023448
 16.604995466731488
 15.32957697873339
 14.055828002691642
 12.78336440311186
 11.512614638814703
 10.244110589715465
 8.97674417265728
 7.711608696354925
 6.445586753527075
 5.183420940085128
 3.9245793761137873
 2.6669197675097736
 1.4122445962082593
 0.16053908776715398
 -1.0884331488870085
 -2.3340811360705644
 -3.5768776559304447
 -4.815847595288604
 -6.051448961849883
 -7.283356717888266
 -8.508763719406351
 -9.727847259709238
 -10.939809518923983
 -12.144443654861302
 -13.343995382719113
 -14.536913386077805
 -15.724394394746795
 -16.90671912312582
 -18.083592082373052
 -19.255796317919344
 -20.423169310901688
 -21.585770159088447
 -22.743982997974005
 -23.897335045411438
 -25.047333294494077
 -26.192707143202053
 -27.334180539197845
 -28.47247743014395
 -29.60586920631565
 -30.736143575206025
 -31.86146850599572
 -32.98404539055638
 -34.10439133436121
 -35.220127652233465
 -36.33200784071982
 -37.43871697447412
 -38.54204276098944
 -39.64061117715128
 -40.57541967717
 -40.82692500489503
 -41.12129098912775
 -41.47259767318144
 -41.80197908517122
 -42.18013093050532
 -42.6018526055675
 -43.06540072619095
 -43.571115104543786
 -44.11974923717268
 -44.71303173380233
 -45.353045790767666
 -46.04203712326661
 -46.78239919091798
 -47.57492981359474
 -48.42265775192566
 -49.32738548784591
 -50.28868456253483
 -51.3073380214233
 -52.37691898220144
 -53.491266502517085
 -54.64302291020863
 -55.827253541617466
 -57.038669146474824
 -58.27230551223792
 -59.52455767503641
 -60.78988521908596
 -62.06567306813635
 -63.34887768711671
 -64.63709084196611
 -65.92772700531854
 -67.21766876989268
 -68.50400557059646
 -68.49782985380217
 -68.4166738433931
 -68.44755242736451
 -68.59058380125313
 -68.84955022223443
 -69.22830781969428
 -69.7287920455467
 -70.34896402678304
 -71.08393342307097
 -71.92347632048316
 -72.84797225992195
 -73.84074089626596
 -74.8908343679253
 -75.98836857314073
 -77.1253062154144
 -78.2934622538276
 -79.48895101011023
 -80.70676394839323
 -81.94471445124708
 -83.20027608907408
 -83.40216884025558
 -83.56310683795921
 -83.79706012847946
 -84.09005208959766
 -84.43366128932163
 -84.82276099624559
 -85.25256429113188
 -85.72021970665678
 -86.22193021120279
 -86.75692753378115
 -87.34104987631403
 -87.97689754060954
 -88.65931424637772
 -89.38574401513674
 -90.15212387531139
 -90.95608991616703
 -91.79505661033764
 -92.66695553593038
 -93.57113661749325
 -94.50628492968008
 -95.47328693901636
 -96.10263384879157
 -94.9637312057197
 -93.82311472736522
 -92.6797502027817
 -91.5358390238408
 -90.39090840839557
 -89.2441309876889
 -88.09624548382536
 -86.94775422783606
 -85.79729797104858
 -84.64716675198711
 -83.49418406560197
 -82.3398569049865
 -81.18603207540214
 -80.03036044055632
 -78.8736693692062
 -77.71594408690966
 -76.55709594701416
 -75.39787844606639
 -74.23747898975127
 -73.07464175049104
 -71.91122830798923
 -70.74636697016247
 -69.58011683477909
 -68.41269951847046
 -67.2436126902055
 -66.07343255322576
 -64.9017010998264
 -63.72843310444951
 -62.55346604823209
 -61.377302262205255
 -60.19908482872769
 -59.01893194333613
 -57.8374936814826
 -56.653085756768654
 -55.467495876687394
 -54.27952731142938
 -53.08957897093109
 -51.89680871199332
 -50.7023541666571
 -49.505609582796694
 -48.30570326832868
 -47.101748756727574
 -45.89639067312777
 -44.686659354668855
 -43.47425386219137
 -42.25813998474888
 -41.03893824890926
 -39.8147279772006
 -38.58574556069635
 -37.351872803859784
 -36.11278466896489
 -34.86994382577873
 -33.623217304322495
 -32.373033563416826
 -31.120072227397934
 -29.864687882876023
 -28.608195455197244
 -27.349250470131263
 -26.087291498878596
 -24.824977941015735
 -23.561822239953653
 -22.295844620452076
 -21.028699820025263
 -19.758895620021967
 -18.48895845003985
 -17.219213347804917
 -15.947178207045793
 -14.673828140940516
 -13.40083266144544
 -12.127320076477156
 -10.852684633909911
 -9.57697065706998
 -8.301020289156586
 -7.024538041327893
 -5.747139778089523
 -4.469416477125138
 -3.191087424034998
 -1.9131277319971471
 -0.6335133024450391
 0.6459829315703361
 1.9263360832270233
 3.2067631070941682
 4.487648138666152
 5.769153696805984
 7.0517230147764085
 8.333730903947353
 9.616492289664968
 10.899371870919316
 12.18220712884739
 13.466549379868804
 14.74997561548054
 16.03380076102875
 17.31789184653461
 18.603268308502436
 19.888186762765425
 21.173504126964882
 22.459190852216633
 23.747802917002513
 25.036488853998854
 26.325824866447224
 27.61548591662161
 28.905353808985275
 30.196255912295356
 31.487187564489616
 32.77735094569511
 34.06730748471133
 35.35809139248468
 36.647811540427426
 37.937649883906914
 39.22674950528182
 40.51549454004653
 41.803766792664305
 43.091448067598414
 44.37782919162847
 45.66447625561617
 46.949823168699815
 48.234106321952865
 49.517591655332964
 50.799688191156456
 52.081784726979954
 53.36210832975245
 54.64163411265202
 55.91977109799496
 57.19699206792824
 58.47338566910438
 59.747888141692805
 61.02085407230369
 62.292165265400335
 63.56229450312964
 64.83106449218653
 66.09815019484498
 67.36328567114732
 68.62771197422929
 69.88971526880823
 71.14991608145199
 72.40804847220294
 73.66467386986054
 74.91988092107735
 76.171837595034
 77.4225236669708
 78.67087537705713
 79.91724731190317
 81.16066435833089
 82.40230847170763
 83.64150002769716
 84.87853451514133
 86.11258456528299
 87.34412296026908
 88.57306105344705
 89.79960568700619
 91.02399325201995
 92.24459855985828
 93.46162845271043
 94.67670811920651
 95.8890988372419
 97.09794368917531
 98.30347906608021
 99.50605955456682
 100.70586244794019
 101.90226721963249
 103.09477153861262
 104.28387773591167
 105.46964490929805
 106.65245719426609
 107.8314872220587
 109.00679409044423
 110.17793456615992
 111.34617925122566
 112.50993250589556
 113.6702876388844
 114.82656502585597
 115.97923744895719
 117.12800941934623
 118.27149213946649
 119.41178358009495
 120.54651983049698
 121.679158110122
 122.80550247741603
 123.92741451208256
 125.0447760185849
 126.1579415835332
 127.26649752254895
 128.3697937601801
 129.46889405625723
 130.5630005909074
 131.65226110855153
 132.73652786476873
 133.81615544616915
 134.89055287506915
 135.9599565425422
 137.02439599747248
 138.08336890882885
 139.1373776076425
 140.1862743494924
 141.229468156695
 142.26746136028135
 143.29981072698868
 144.32719588115327
 145.34864170959702
 146.36450279893018
 147.37519283353126
 148.37967760245388
 149.3785776322659
 150.36949946334846
 151.35353640441633
 152.33057025993278
 153.30027599217183
 154.26250585671252
 155.21693481582886
 156.16379926059432
 157.1033946798507
 158.03445047157817
 158.95791220007055
 159.87339572983345
 160.78081241421438
 161.6803395465184
 162.57135660017767
 163.45371583077124
 164.32777182490938
 165.19367232701293
 166.050619517209
 166.89884978657102
 167.73812674402558
 168.5688049761828
 169.39050034754837
 170.2030946625855
 171.00667656794676
 171.8009505747903
 172.58633036749475
 173.36157489292432
 174.1276001664888
 174.88416979711465
 175.63169746918044
 176.36888303178213
 177.09658340256104
 177.81417805494928
 178.52240571105145
 179.22100043090992
 179.90878025915734
 180.5874294821922
 181.25561840022615
 181.9143812242057
 182.5635997585941
 183.20250573240259
 183.83118779228366
 184.44970503600575
 185.05752558365353
 185.6551813151423
 186.24267223047204
 186.8199983296428
 187.3872187104229
 187.94374239512868
 188.48977622594944
 189.0258520828005
 189.5516153790716
 190.06671152815258
 190.57182015437968
 191.06605479122737
 191.55018370968438
 192.02391142090895
 192.48694243605917
 192.93960179286114
 193.3818894913148
 193.8139828247253
 194.23534991317726
 194.6462566966284
 195.04691001726798
 195.43710303290672
 195.81662890135533
 196.1857240136873
 196.54441791878676
 196.89274016553796
 197.23051346063576
 197.55773780408018
 197.87462003806044
 198.1806873804297
 198.4765308088716
 198.76179573677592
 199.0365117130268
 199.300619639856
 199.5542672616843
 199.79730683409088
 200.0295610637706
 200.2512072440285
 200.46227492374888
 200.6624095163215
 200.85172921728307
 201.03023402663356
 201.19777619995216
 201.3542670905862
 201.49949985634646
 201.63350404611714
 201.7561023665931
 201.86717662223765
 201.96640177532473
 202.05363008143343
 202.1284774050694
 202.19064825739076
 202.23966985625063
 202.27498077284955
 202.29596048061958
 202.3014270241935
 202.2899620571304
 202.25875843543298
 202.20181773561202
 201.17948544064276
 199.89972326666975
 198.6203452281911
 197.3412331296701
 196.06123456462362
 194.78203381945008
 193.5012669834148
 193.61313905893226
 193.67811705525108
 193.66354945534877
 193.59543927730658
 193.48717216565944
 193.3469922590945
 193.1803661011856
 192.99119414464496
 192.78269721784852
 192.55709148711003
 192.31641582543813
 192.06188173708432
 191.79526215509958
 191.51833001253493
 191.2501147908043
 190.99575799575558
 190.75135917467662
 190.5131065215077
 190.27683364357912
 190.03872873483112
 189.79518683139347
 189.5432234959636
 189.2800315845441
 189.00333583305292
 188.71136330843902
 188.40302070198769
 188.07715560721567
 187.73314749755522
 187.3708781774696
 186.99028854919038
 186.59182184598035
 186.1756849100288
 185.74243917013519
 185.29223237072043
 184.8261873693835
 184.3448064971555
 183.84879892725684
 183.33846014852932
 182.8146175297301
 182.27818708626887
 181.7293461114507
 181.16906971845364
 180.59765339611954
 180.01586541543713
 179.42406036301665
 178.8227405698892
 178.21220152489656
 177.59318195014336
 176.96603643223978
 176.33094226449091
 175.68819493573866
 175.03811948370895
 174.38118869054875
 173.71790488728917
 173.04841581835112
 172.37281013038717
 171.6915606055442
 171.00472634159067
 170.3126028273683
 169.6154560028348
 168.91313812356927
 168.20671294940226
 167.4956486004185
 166.7800928210389
 166.05966147576908
 165.33565471551304
 164.60674284048267
 163.8753193102967
 163.13845878542102
 162.39190622653328
 161.63560253586508
 160.87007959333172
 160.09394860137664
 159.3087461019773
 158.51429480182864
 157.71029921208878
 156.89690707717872
 156.0737638104882
 155.24163768300602
 154.40029230365866
 153.5494912813727
 152.68929371391647
 151.820024639016
 150.9418908988606
 150.0548038467977
 149.1584088962171
 148.2534447692234
 147.33946823255383
 146.4173362038497
 145.4863099610064
 144.5467440906342
 143.59911137488
 142.64308677601778
 141.67890668512098
 140.70621651557946
 139.72551859842426
 138.7372561669182
 137.74101553668268
 136.73691490325442
 135.72589983092732
 134.70687701098657
 133.68067381218933
 132.6473788811881
 131.60625349587835
 130.5583023183223
 129.5035548974041
 128.44224762419722
 127.37367132548131
 126.29900795662365
 125.21796202878244
 124.13065173749439
 123.03672249614931
 121.93711986904106
 120.83169611174874
 119.72021483319887
 118.60311926665418
 117.48008437438867
 116.35196707404367
 115.21841277900896
 114.07971697812638
 112.93522959594391
 111.78645762555486
 110.63221911159195
 109.47387330272757
 108.31014959694186
 107.14255498732813
 105.97026210512928
 104.7943642590601
 103.61341355379558
 102.42865104247146
 101.2393380029831
 100.04671548846623
 98.85016297235302
 97.64932586803324
 96.44642034182063
 95.23893473855964
 94.0284056002278
 92.8138873625312
 91.59735980071017
 90.37743411720804
 89.15411031202487
 87.92786116730757
 86.69862758528775
 85.46720738583839
 84.23283229797073
 82.99630014155768
 81.75619257015846
 80.51434161459245
 79.269358477303
 78.02248421142585
 76.77321648592986
 75.52229402291961
 74.26933268690073
 73.01439157564155
 71.75791392240487
 70.49892461401261
 69.23819192145355
 67.97639546906389
 66.71258969254978
 65.44677459191121
 64.18013212251552
 62.911716720068824
 61.64250349774919
 60.37122185353674
 59.09896509614624
 57.825703676693514
 56.55123075298928
 55.275634971686074
 53.998532197289535
 52.72083844520934
 51.44234687325619
 50.16273244370409
 48.88137462998517
 47.60054869618155
 46.31851125812642
 45.0357646468509
 43.75222021570243
 42.467523378070815
 41.182590149365744
 39.896859100787715
 38.61106895444132
 37.324392341569435
 36.037006555477156
 34.74885249839611
 33.45966423036866
 32.16864393152185
 30.878657843621447
 29.588464913531766
 28.297917396831885
 27.006838000216707
 25.71603931800127
 24.425565673511848
 23.135210224559156
 21.845150264448296
 20.55504598101117
 19.26703966835104
 17.978486701333523
 16.690613358652218
 15.403301444770396
 14.11782156170793
 12.832770137466117
 11.548531307539344
 10.26513462081179
 8.982668723936007
 7.701975760111213
 6.421002081886678
 5.142569607701898
 3.8650826978109776
 2.5886299988664683
 1.3135956463627516
 0.04018648248910904
 -1.2317156882911922
 -2.50302688138783
 -3.7735254801694302
 -5.042635281394421
 -6.309632337400317
 -7.575742926880717
 -8.839223665668815
 -10.100990569174291
 -11.361811908385901
 -12.621672908861562
 -13.879406389676033
 -15.13523396746069
 -16.389628424362467
 -17.64117141394056
 -18.892359816908463
 -20.141154760257525
 -21.388413161629064
 -22.634120246580988
 -23.876709924251585
 -25.120348587310687
 -26.36233251285553
 -27.60195252766572
 -28.840597429297862
 -30.07618402141705
 -31.310839823684468
 -32.54361927180626
 -33.775069020139796
 -35.00388891778104
 -36.231467762286584
 -37.456992959341406
 -38.681350975470984
 -39.90399515631795
 -41.12310824550502
 -42.34239862799719
 -43.55953194194399
 -44.774316119598225
 -45.98856841733716
 -47.19971808223686
 -48.40860725749656
 -49.61696455284096
 -50.82337162182927
 -52.02697154682018
 -53.228045042213424
 -54.42839458994418
 -55.62781334782317
 -56.824543157241486
 -58.020120560176665
 -59.213644315661114
 -60.40576449914686
 -61.59481159867756
 -62.782632419514655
 -63.968532562879844
 -65.15301435980425
 -66.33501405045725
 -67.51581701130084
 -68.69295591050573
 -69.86935608760602
 -71.04305254180356
 -72.2139418520037
 -73.38354578574187
 -74.55187911746017
 -75.71793718509637
 -76.8807744243566
 -78.04058290298804
 -79.19929807290471
 -80.35471854223498
 -81.5084104018405
 -82.659191696354
 -83.80666351583899
 -84.95131341688447
 -86.09275726399609
 -87.22968013182766
 -88.30571752379983
 -87.62383269794694
 -87.00831466596945
 -86.44180345840977
 -85.91686753089577
 -85.43340346233286
 -85.02079761804119
 -84.66724521878957
 -84.35687851377166
 -84.08046347668022
 -83.8319130373735
 -83.60830185631737
 -83.40917192580699
 -82.59668103186452
 -81.4659634297114
 -80.32945424625836
 -79.18876389569341
 -78.04437993460559
 -76.89624326522649
 -75.74454595530331
 -74.59054383241384
 -73.43332088114842
 -72.27299529704378
 -71.10990689226799
 -69.94449890008383
 -68.77579620731323
 -67.60554219812303
 -66.43296860152445
 -65.25715940210782
 -64.07935565300882
 -62.899380060922354
 -61.71748379136398
 -60.53282470113449
 -59.34658474560119
 -58.157670616049316
 -56.96727904228829
 -55.77480427219234
 -54.57924164369926
 -53.383309654153884
 -52.18517627273686
 -50.98498924386911
 -49.782231462077426
 -48.57715409287736
 -47.371278903804345
 -46.16264089406021
 -44.95135825918168
 -43.73954374438785
 -42.525276672206815
 -41.30869001261741
 -40.091187337618315
 -38.87101048860065
 -37.6497698797524
 -36.42641652568504
 -35.20207328399755
 -33.974922898312656
 -32.74727018159665
 -31.517386524124813
 -30.285774256928264
 -29.05179807899706
 -27.81731957003474
 -26.580713541411235
 -25.34143333876915
 -24.10215313612707
 -22.859519135130196
 -21.61650099863894
 -20.371458763581142
 -19.124687918798625
 -17.87587820100747
 -16.626418407764287
 -15.374875418186187
 -14.122711902040244
 -12.868154926275462
 -11.611647724154592
 -10.353884694455937
 -9.095338619326427
 -7.835241227777302
 -6.573031091009081
 -5.310200427673012
 -4.045611605728045
 -2.7794419184792787
 -1.5120607269790025
 -0.243541903437674
 1.0262327476814388
 2.2969677375365047
 3.5690176527377218
 4.8421904255379
 6.117520266883448
 7.393145597070827
 8.669509649362787
 9.948148965736852
 11.2262859510798
 12.506225418357923
 13.786888833298534
 15.068985369122029
 16.351480814881995
 17.634759306072816
 18.918717421599847
 20.203872266936305
 21.49012042098753
 22.776678838322685
 24.063133834563196
 25.351110598339137
 26.63939762539901
 27.927669878016783
 29.21747867261208
 30.506932880597187
 31.796978066265954
 33.087023251934724
 34.37748212198205
 35.66702497661971
 36.95733610224612
 38.24835640109293
 39.53860842895097
 40.830042412176354
 42.12005804896094
 43.41119654334448
 44.70109398459233
 45.99048909480907
 47.279470520647244
 48.5683042020645
 49.85628096584044
 51.142514345449584
 52.42883637171127
 53.71371050264798
 54.99864373135306
 56.28215861361735
 57.564225600556654
 58.84472649663426
 60.12472506168075
 61.40227106934003
 62.678132790600884
 63.95183744331635
 65.22462608062216
 66.49519855161421
 67.76311162302979
 69.03134973217136
 70.2953032531064
 71.55763158541134
 72.81632540496177
 74.07298035150356
 75.3263849207852
 76.5770414438378
 77.82397480748332
 79.06765779386869
 80.3077949141521
 81.54595225919523
 82.77932268500068
 84.0092063424725
 85.23592826933674
 86.4582178635735
 87.67459768097363
 88.8877566699978
 90.09713340184652
 91.3002457702484
 92.49993046808504
 93.69317350916974
 94.88198421762698
 96.06662853341439
 97.24491983910241
 98.41883790993133
 99.58779176821746
 100.75169276730827
 101.9120774491813
 103.06779340735339
 104.21966801058166
 105.36575103251003
 106.50648570640124
 107.64293579208591
 108.77338745428138
 109.89846121955551
 111.01895490778125
 112.13371611247547
 113.24271528475396
 114.34610016903765
 115.44316159210615
 116.53446098275892
 117.61970285215415
 118.69853261368164
 119.77077297403626
 120.83742859528027
 121.89849947741367
 122.95026246102935
 123.99596792338751
 125.03511353345698
 126.06693102024904
 127.0920704592157
 128.10905440614783
 129.11868068091832
 130.12118567460067
 131.11651028942651
 132.10382715663872
 133.08372725392096
 134.05523546809516
 135.01938601010775
 135.9743763980236
 136.9215067827467
 137.8598315999832
 138.7902668651428
 139.71180791616328
 140.624838888539
 141.52927113561742
 142.42528195070363
 143.3129599804502
 144.1903845473852
 145.05900354683362
 145.91863968549035
 146.76920431670285
 147.61049059828184
 148.4423803346906
 149.2644893904347
 150.07805881864988
 150.88161117512695
 151.6755305953603
 152.4594329438556
 153.23405694271736
 153.99875251649357
 154.75363786072097
 155.49891981758884
 156.23421425160282
 156.95999394490977
 157.67528378433175
 158.38052700313142
 159.07584179684554
 159.76099177440068
 160.43606558244934
 161.10073818326552
 161.75568920118548
 162.40015036522038
 163.03486039747483
 163.65913967361263
 164.27266315590776
 164.8757854309704
 165.46945206309445
 166.05233335249164
 166.62493163019306
 167.1871582495462
 167.7396337371189
 168.28164891969075
 168.8124650751572
 169.3332937077697
 169.8433369976554
 170.34327456915042
 170.8326631889921
 171.31162105271702
 171.77967537817844
 172.23797857185937
 172.68537822727671
 173.12216983327232
 173.54882617199308
 173.96475626575537
 174.37037379893772
 174.76499914720392
 175.1491346415851
 175.52263253766037
 175.88540418877713
 176.23736094828286
 176.57850281617752
 176.90859340138772
 177.22789864387104
 177.53594576148055
 177.8329120475214
 178.11850201315173
 178.3925679139506
 178.65528704322315
 178.90612752105406
 179.14497115190662
 179.3715815447073
 179.58557456396184
 179.78659562305992
 179.97426058650726
 180.14786028108335
 180.30627184918933
 180.44863837318383
 180.57283233340567
 180.67521921710036
 180.47210018722527
 179.19133335119
 177.9117189216379
 176.63201584543324
 175.35219457369186
 174.072136910877
 172.7928475190509
 171.51335128503553
 170.23261399788447
 168.95178806408083
 168.50837750802825
 168.29816674594915
 168.06744905824698
 167.8198885065604
 167.5566670462567
 167.27967580592372
 166.98938756770826
 166.68642285817822
 166.3712249105964
 166.0442369582254
 165.70587268544395
 165.35619119002038
 164.99525156972294
 164.62346750893033
 164.2408685565267
 163.8477206524696
 163.4441124434117
 163.02971889162697
 162.605130974799
 162.17037824181205
 161.72519475270843
 161.26961005637236
 160.8041560327191
 160.32844854625426
 159.84266489028295
 159.34650957596338
 158.84057358097917
 158.3244136720676
 157.79829578918626
 157.2621312856827
 156.71565422159918
 156.15927828131427
 155.59303301371224
 155.0167706743721
 154.43013667668365
 153.8337219983306
 153.2272902482394
 152.61095962194688
 151.98449372837953
 151.34777437200063
 150.7012447860729
 150.04469812840708
 149.37825259453987
 148.70155359786116
 148.0150443716336
 147.31839987813123
 146.61188605731166
 145.8951778714489
 145.16865945603735
 144.43224216442442
 143.68586689884177
 142.92971095259452
 142.16333109241984
 141.38731829600147
 140.6014952700343
 139.80583246563413
 139.00018213838
 138.1849579726506
 137.3599826751407
 136.52549263692387
 135.68104462473727
 134.827288714033
 133.96398851373755
 133.09114402385092
 132.2088734399099
 131.31676307753585
 130.41566985437012
 129.5054460259918
 128.5860915924009
 127.6571928692188
 126.7195772252027
 125.77297872039489
 124.81751555033213
 123.85298087282516
 122.87987701890506
 121.8982926352244
 120.90825727066733
 119.90977092523389
 118.90268585450313
 117.88774078057966
 116.8645220190849
 115.83347280328161
 114.79394305771775
 113.74717383552901
 112.69254461014755
 111.63061681037284
 110.56076990963705
 109.48418586330749
 108.40021459593213
 107.3092106941212
 106.21152874448487
 105.10643002491854
 103.99512603967376
 102.87723265325613
 101.75289761008658
 100.62185497020744
 99.48522759121768
 98.34257223985456
 97.19409575830734
 96.03944355996586
 94.87967940466068
 93.71436005912908
 92.54375146332868
 91.36785361725948
 90.18669606980569
 89.00113573860861
 87.8106998415213
 86.61568386738561
 85.41585142512805
 84.21188213908485
 83.00383510702439
 81.79162168229408
 80.57521231600977
 79.35525708362347
 78.13154914294593
 76.90473856942914
 75.67444122757874
 74.44006613971106
 73.2030316522669
 71.96304227640442
 70.720157109892
 69.47354878397248
 68.2246060962025
 66.97285626443512
 65.718565228628
 64.46096471779235
 63.20165037167408
 61.94011985924207
 60.676166338307034
 59.409819357753165
 58.14128575976975
 56.870801935430244
 55.59854517803974
 54.32448593871407
 53.048062788653745
 51.77057587876283
 50.49167062243111
 49.21111062858514
 47.929486874908584
 46.64653342144377
 45.36171838827543
 44.07648967072852
 42.79031538888775
 41.5032250916373
 40.21507103455625
 38.92653284198083
 37.63749231837429
 36.34806765927337
 35.0576678869944
 33.76738631025217
 32.47689789132066
 31.18605488577895
 29.89550736907907
 28.60445752134807
 27.313850906879825
 26.023436360158772
 24.733568467795106
 23.443331214379146
 22.15403952525705
 20.865250167166067
 19.577110884527116
 18.28911934630908
 17.002457507879285
 15.716563940438256
 14.431571613964811
 13.147761242858694
 11.86427590947859
 10.582356666960195
 9.301634154251218
 8.022123145793751
 6.743454280535505
 5.466573122770339
 4.191125085888058
 2.9176715986881403
 1.6450159313611687
 0.37413319708518683
 -0.8949470552556216
 -2.1616633968617767
 -3.4270943620059637
 -4.690974010730534
 -5.952726139793917
 -7.212483719174936
 -8.470099004452676
 -9.725926582237332
 -10.979464121497793
 -12.231021885517984
 -13.480230513245612
 -14.72759233571179
 -15.972191337506846
 -17.214352556356786
 -18.45409076670371
 -19.691450291873885
 -20.926697071824968
 -22.159166256662832
 -23.389271530766038
 -24.61659920975603
 -25.84166639910601
 -27.06404463999532
 -28.283275924719124
 -29.49946367437206
 -30.713479581037536
 -31.924230336000768
 -33.132129623640324
 -34.337133120629936
 -35.539093082548675
 -36.738393644890934
 -37.93413356668912
 -39.12699247227944
 -40.316083895136416
 -41.50306257277429
 -42.685756662205605
 -43.865451539892334
 -45.04194036364518
 -46.215518622305986
 -47.38504868383371
 -48.551106751469895
 -49.713279140836
 -50.87227502515241
 -52.027843238903586
 -53.17869840562753
 -54.32559402187094
 -55.46895854645446
 -56.608644234957175
 -57.743040673191096
 -58.873448012060294
 -59.99955598828085
 -61.1212759552002
 -62.2374407318931
 -63.34880381490625
 -64.45425712108276
 -65.55362335711754
 -66.64691729745269
 -67.73317860335223
 -68.80954103305042
 -69.60125906141214
 -69.14187733345851
 -68.74753269959204
 -68.44972427035198
 -68.36689874798655
 -68.4237064778287
 -68.55935063067153
 -68.28670307631344
 -67.00066176445148
 -65.71119278202428
 -64.42023158094585
 -63.130703500750286
 -61.846907904086265
 -60.57637975642048
 -59.32089199080393
 -58.080341186141965
 -56.85415113919303
 -55.644065234123914
 -54.57476498774551
 -53.49878669354171
 -52.41316068865209
 -51.3199701694116
 -50.2197617901776
 -49.11243212985545
 -47.99969502372779
 -46.88168344177343
 -45.75811666959263
 -44.628846962764484
 -43.49513014886677
 -42.356582092405105
 -41.21315847005322
 -40.06522864286341
 -38.913516558498145
 -37.75701755489521
 -36.59661809858009
 -35.43187495629005
 -34.26271425581463
 -33.089904268142575
 -31.91313472998999
 -30.732538611335677
 -29.54789429554827
 -28.35982230919562
 -27.168440847814455
 -25.973114610394834
 -24.774656191251797
 -23.571883635018022
 -22.366215288134292
 -21.15716359401159
 -19.945024041491745
 -18.728791968512535
 -17.510166435914485
 -16.288512142687665
 -15.063341532243044
 -13.834994416748733
 -12.604150420540943
 -11.370573152546212
 -10.133967123922705
 -8.894435755765064
 -7.651757431441918
 -6.4069220385733985
 -5.159323825033754
 -3.9092582796648143
 -2.6562082969933747
 -1.4012228624079377
 -0.14371099822483957
 1.1160318067140877
 2.378640853418782
 3.6428603143114593
 4.909458460380882
 6.178213674995676
 7.44846110826172
 8.721057677820324
 9.99504304493554
 11.270712698449193
 12.548037089477107
 13.827075315787642
 15.107369369675963
 16.38900789779462
 17.671784057954326
 18.95667296333313
 20.24209374862723
 21.528401000446827
 22.815579944349825
 24.10382264808342
 25.392937043900414
 26.68268674072735
 27.97231824201755
 29.2627475631807
 30.55367921537496
 31.844344927611573
 33.13518793315328
 34.42623778088428
 35.717110335310174
 37.007480558704955
 38.29737799995281
 39.586595816864445
 40.87510446055568
 42.16308122433163
 43.450112423813714
 44.73602076569684
 46.0206289566759
 47.30435068112947
 48.58594488592185
 49.866534428652
 51.145144196141885
 52.42236516607515
 53.697015383084484
 54.97033590030558
 56.24108566460274
 57.50982610477544
 58.77637992751859
 60.03980156853832
 61.30029787002392
 62.55798702751211
 63.81307588319219
 65.06476661719121
 66.31344336500354
 67.55851514894553
 68.80080933777428
 70.03911442723833
 71.27343041733764
 72.50408234579824
 73.7307747237783
 74.953862137888
 76.17245812160186
 77.38644447938316
 78.5962939933788
 79.80233170131481
 81.00343474559224
 82.20060778827332
 83.39320075390599
 84.58195236459487
 85.76579886050932
 86.94512437714376
 88.1193379368145
 89.28882367501593
 90.4533452006746
 91.61231153610684
 92.76569313242845
 93.91360818517619
 95.05602714546585
 96.19221129119285
 97.32219017124139
 98.4459046878431
 99.56370942760817
 100.67433378851675
 101.77854604155756
 102.87599160012043
 103.96613858429008
 105.04931203179247
 106.12471412275471
 107.19249260159768
 108.25261791943721
 109.30523782069422
 110.34943628995903
 111.38533152276837
 112.4128053235855
 113.4318872412946
 114.44210449374877
 115.44298429880104
 116.43505853636674
 117.41776577764637
 118.39137196259759
 119.35493152692652
 120.30891725278013
 121.25315184685326
 122.18763530914596
 123.1115107220169
 124.0251326720763
 124.92811702382974
 125.82040467950887
 126.70226157907136
 127.57280125599169
 128.4324669435326
 129.28087450619972
 130.11802394399308
 130.94391525691262
 131.75831205388494
 132.5606824549947
 133.35158788904138
 134.13043737834133
 134.89734911843126
 135.65208671823777
 136.39476837329752
 137.1254827302631
 137.8435206159141
 138.54917751909232
 139.24218749984018
 139.9229642425362
 140.59073947619163
 141.24574959187993
 141.88787639406434
 142.51729717605002
 143.13350960680583
 143.73680917517356
 144.32692994119563
 144.90390145375616
 145.46787145727612
 146.0182489740718
 146.55521129744835
 147.0788175251741
 147.58924495055413
 148.08569575371556
 148.56852452126853
 149.03776080209724
 149.49313865624404
 149.93448079040385
 150.3617576556925
 150.7747624099206
 151.17361324862503
 151.5579555851955
 151.92755302855858
 152.28225783429332
 152.62183361132628
 152.946043968584
 153.25447522168793
 153.54659549072272
 153.82219793349915
 154.08054382791258
 154.32053986524826
 154.54106318790727
 154.74031131395438
 154.91559529492892
 155.06056212073153
 154.32358340031914
 153.0439985196512
 151.76432499233073
 150.48417868286333
 149.2045938021954
 147.92468388380146
 146.645010356481
 145.36477540036105
 144.08471773754619
 142.80510330799407
 142.39936757927498
 142.26796369131245
 142.0984417427536
 141.89718429258204
 141.66758946247882
 141.41193251652604
 141.13136586120686
 140.82769197845644
 140.50132455265336
 140.15335689251236
 139.7842913290646
 139.39483703553043
 138.98528950075172
 138.5562397024121
 138.10801267823763
 137.64081527041756
 137.15538620105647
 136.6518732145753
 136.13051270204744
 135.5914524078939
 135.03537195645086
 134.4623008966025
 133.8726233638432
 133.2663984559413
 132.6440398572754
 132.00578395891898
 131.35201489636637
 130.68264402296504
 129.99784863202012
 129.29904706997237
 128.58558926136976
 127.85712061960213
 127.11423212235309
 126.35781023614817
 125.58803225429243
 124.80433674798644
 124.00775792817659
 123.1982366970945
 122.37571395697182
 121.54066248995551
 120.69405740922355
 119.83504179713465
 118.96405888695158
 118.08187694966308
 117.18837778973244
 116.28332501608617
 115.36763464413396
 114.44198629821203
 113.50567080509998
 112.55907230029217
 111.60298860366159
 110.63750836186074
 109.66257247712127
 108.67841734051667
 107.68516114758366
 106.68321758270078
 105.67291168359407
 104.6540957058426
 103.6274492737826
 102.59238140973038
 101.55016271570585
 100.49987717629931
 99.44190892700514
 98.37782405868508
 97.30614512712992
 96.22778814774938
 95.14290086496435
 94.05133553435392
 92.95442185570634
 91.85071193369664
 90.74094449042938
 89.62535591697805
 88.50480313098393
 87.37916793691032
 86.2479184548419
 85.1113501736205
 83.9695221910145
 82.82293683805501
 81.67159411474205
 80.51419387017152
 79.34893362240828
 78.17643389802016
 76.99666514812297
 75.8100410570953
 74.61623658721112
 73.41625640053265
 72.20915493276603
 70.99649827477299
 69.77763635110146
 68.55242141733058
 67.322419564322
 66.08748304765486
 64.84681404745615
 63.601653616861626
 62.352858673512564
 61.09904041985236
 59.841528555669264
 58.580086689889804
 57.3155717401553
 56.04748137543462
 54.77619973122217
 53.50264282292761
 52.2254809507627
 50.94684163438864
 49.66625209165849
 48.38350548038296
 47.098690447214615
 45.812486616489664
 44.52601684580706
 43.23777414207347
 41.94823128743582
 40.65833384618796
 39.367609036182984
 38.07700242171474
 36.78633670947813
 35.494814079600204
 34.20400062294267
 32.91371904620044
 31.623880702720953
 30.334308299199115
 29.046154242118075
 27.75909349375181
 26.47238733199574
 25.186804027838633
 23.902520874585583
 22.619626518889145
 21.338061862980947
 20.058875892249493
 18.780591162485628
 17.504286207962036
 16.229857607584073
 14.957394008004293
 13.686378303749485
 12.417977675744892
 11.151896635148674
 9.888312475265936
 8.626028466287254
 7.366817541263624
 6.110398985795304
 4.856255694409087
 3.6046831559468058
 2.355238137145713
 1.1091025933731347
 -0.13438832526504993
 -1.375190295442566
 -2.613406738254055
 -3.848683067089319
 -5.080605597569793
 -6.309691435168683
 -7.536044000980631
 -8.758850700690598
 -9.97862863977179
 -11.195067554940284
 -12.408137897311896
 -13.619139817790687
 -14.826462902188673
 -16.030491286000235
 -17.23050102156289
 -18.427733162012323
 -19.6215524063386
 -20.811766686794535
 -21.998435101148484
 -23.181365581653267
 -24.3599966995094
 -25.535466086757925
 -26.706990697968006
 -27.874777375328915
 -29.039165931008753
 -30.19900395852439
 -31.35505972886458
 -32.50712639984004
 -33.65517442256659
 -34.79825823275037
 -35.93698358251713
 -37.07092201304622
 -38.2003099154111
 -39.32436424418091
 -40.442907706050576
 -41.55517203003131
 -42.66121631389148
 -43.75891303796992
 -44.84495272723809
 -44.20037336766645
 -43.63173464044556
 -43.09577697913125
 -42.623925622052326
 -42.222858617034184
 -41.86475568961836
 -41.53679262406938
 -41.23205498148837
 -40.94704121909961
 -40.67977156166285
 -40.63643812300824
 -40.877483145732434
 -41.16367886348851
 -41.48989854487069
 -41.85466474566981
 -42.257859270349144
 -42.69960031444542
 -43.18109938221015
 -43.70368617343157
 -44.269015425623955
 -44.87813612417579
 -45.53310191653781
 -46.23596645016074
 -46.98802987594865
 -47.79139016467854
 -48.64595866969787
 -49.552946895258124
 -50.518190745985514
 -51.54300514722615
 -52.62043133675493
 -53.74373216897808
 -54.90606707720719
 -56.10112737466916
 -57.32214636688605
 -58.56410074354671
 -59.822366104276476
 -61.09290902638435
 -62.37335082469359
 -63.65909664771371
 -64.94872814900391
 -66.23999961336628
 -67.52939472358301
 -68.67057263073697
 -68.88967760695517
 -69.28037295362502
 -69.79034237130024
 -70.32774792793953
 -70.12198427293002
 -69.624307191075
 -69.20780089407116
 -68.87315978069678
 -68.62564355233647
 -68.47263943003603
 -68.42271659020855
 -68.48469537478275
 -68.66616984699368
 -68.97256222708896
 -69.4055863503512
 -69.96202138840444
 -70.6344653457608
 -71.41160099977813
 -72.28017567590028
 -73.22675940626598
 -74.23846887737139
 -75.30258329457565
 -76.40988340601362
 -77.55230236630327
 -78.72330987204016
 -79.92008400478474
 -81.1428907044947
 -82.3904150458239
 -83.65902251601779
 -84.94311360152363
 -86.2331735616345
 -87.51704303050899
 -88.77979982163458
 -90.00522159759477
 -91.17585974227934
 -92.2793037243314
 -93.3063195174437
 -94.25213497682064
 -95.1141941239804
 -95.89289586885944
 -96.587796978195
 -97.19521861590631
 -97.42921622975281
 -96.89813413432873
 -96.2479404867623
 -95.49606912872159
 -94.65070510112533
 -93.72016641487107
 -92.71228352426738
 -91.63621658341101
 -90.49697412817106
 -89.30178086073026
 -88.06102321387901
 -86.78851529097297
 -85.49999187283963
 -84.21330048552565
 -83.40606929296776
 -83.52190091896578
 -83.70525174532234
 -83.94520345933176
 -84.23680662289335
 -84.57763822750412
 -84.96608785897605
 -85.40076671975255
 -85.88086221551858
 -86.4057242708221
 -86.97431867471673
 -87.58583283288739
 -88.23983828651346
 -88.93448823033347
 -89.6691621377796
 -90.44272237681075
 -91.25409041315429
 -92.10134556933828
 -92.98323201778493
 -93.89815411874837
 -94.84492991686128
 -95.82100343364179
 -96.8251779392805
 -97.8555179818634
 -98.91047963219191
 -99.98868886715154
 -101.08789258432333
 -102.20654685450866
 -103.34325549292993
 -104.49712464584057
 -105.66574607917964
 -106.84821116475854
 -108.04746740377452
 -109.26598951527792
 -110.5015908818392
 -111.75270541259665
 -113.01694703515246
 -114.29213651929814
 -115.57585824375171
 -116.86416743247472
 -118.15475188527982
 -119.44444987155944
 -120.73087531891576
 -122.01005390242618
 -123.28000584685039
 -124.53831553090643
 -125.78356460815351
 -127.0131010662362
 -128.2255878181452
 -129.42010146124977
 -130.59551175072994
 -131.7516266188385
 -132.88724194854498
 -134.00200315323917
 -135.09596933068948
 -136.1693325486431
 -137.2212432766797
 -138.25225555637778
 -139.26239893662145
 -140.2518507107159
 -141.22020458150357
 -142.16759351896326
 -143.09391410200035
 -143.99893732676244
 -144.8825967082601
 -145.7432448962001
 -146.57972948409935
 -147.3888148691397
 -147.71318035803938
 -146.48861549972054
 -145.2709133697532
 -144.05961596043258
 -142.8551812794635
 -141.65814120676126
 -140.47042380701882
 -139.29387588549758
 -138.13120116510038
 -136.9857312825188
 -135.86537795149292
 -134.76655836981553
 -133.686265938521
 -132.62130199089646
 -131.57102383871097
 -130.53376197000816
 -129.50840830163116
 -128.4946747319592
 -127.49431203238015
 -128.23529462659937
 -129.23487428074756
 -130.2569775718644
 -131.2990780703522
 -132.35847205330822
 -133.43450944528038
 -134.52622990753278
 -135.63358172951806
 -136.75516872645858
 -137.89107215778586
 -139.0406345608268
 -140.20358999562376
 -141.379982785503
 -142.5684167456869
 -143.76884755284917
 -144.98093539482167
 -146.20453252718355
 -147.43810240795725
 -148.68141603329033
 -149.93378639162555
 -151.19474808803704
 -152.46284583997877
 -153.73737786145136
 -155.01742813704516
 -156.30184426027702
 -157.59010173845272
 -158.87991053304805
 -160.17074615136866
 -161.46099817922672
 -162.75044499999078
 -164.03677441347352
 -165.3197906583172
 -166.59791286921808
 -167.87084186372374
 -169.13632823302578
 -170.39354460836705
 -171.6415343446221
 -172.8791524225289
 -174.10564534554072
 -175.31901117675417
 -176.51865155126453
 -177.70328109260984
 -178.872397469759
 -180.02384730777712
 -181.1572538583909
 -182.27115445183327
 -183.3647364937892
 -184.43566931601873
 -185.48236466599704
 -186.50249187548414
 -187.49208770038896
 -188.44381663021306
 -189.3801912210935
 -190.3061793791835
 -191.20574714120326
 -192.08214303760766
 -192.9356607104332
 -193.76687636292152
 -194.57573828452527
 -195.3622206199708
 -196.12484407824365
 -196.86338150229673
 -197.57726961652523
 -198.26491093437807
 -198.92643657902877
 -199.55961745652675
 -200.1638625891883
 -200.73769822641495
 -201.2800587615707
 -201.78927468269924
 -202.26411971110696
 -202.70304068356901
 -203.10464880252874
 -203.4674259940613
 -203.79008318809414
 -204.07122050623911
 -204.3094214488607
 -204.5035964008546
 -204.65269453002708
 -204.75558005114235
 -204.81168045456937
 -204.82042877109285
 -204.78147595451838
 -204.69470011569874
 -204.56015850559695
 -204.37822048526542
 -204.14958414709287
 -203.87499375359974
 -203.55543365199034
 -203.19359463753062
 -202.794021697969
 -202.3565301527793
 -201.88070077716722
 -201.36650402224856
 -200.81353913128154
 -200.22231582251842
 -199.59281008749073
 -198.9256535335979
 -198.2212967813237
 -197.4805431909569
 -196.70436787567553
 -195.89337658760533
 -195.04928316202893
 -194.17271735954054
 -193.26535053890163
 -192.32832771937444
 -191.36317251529962
 -190.37106872884976
 -189.35382622918104
 -188.31238688697684
 -187.24844606946715
 -186.16335194449286
 -185.05788386387425
 -183.93397727952535
 -182.79224163718243
 -181.634291044644
 -180.4606499946043
 -179.27263341240948
 -178.07079903324853
 -176.85630295721506
 -175.6292042820775
 -174.39041532963495
 -173.13890927616208
 -172.33031514132125
 -171.9340867660881
 -171.4472688991704
 -170.87964222123279
 -170.2347673728193
 -169.514982409391
 -168.72175000071488
 -167.85603048552693
 -166.9053320730387
 -165.88767958260195
 -164.82102026774746
 -163.7176132218006
 -162.58516331631225
 -161.42900412487742
 -160.25313952130293
 -159.05951603833435
 -157.84821862901376
 -159.04060475245714
 -160.24028575668325
 -161.41659359352047
 -162.56727146693933
 -163.68953070099502
 -164.7788133803023
 -165.83080167415991
 -166.83883230918448
 -167.79653750083466
 -168.69537023436035
 -169.52682781833792
 -170.28156911175492
 -170.949850370052
 -171.52324277401587
 -171.99446252369535
 -172.3588926059369
 -172.61467513464746
 -172.76306593740478
 -172.8080541135737
 -172.75557529526435
 -172.61291697603855
 -172.38801672490993
 -172.08878625561857
 -171.7228861163889
 -171.29714948668834
 -170.81817315491074
 -170.29147537517733
 -169.72279232463018
 -169.11133357061735
 -168.45520059733008
 -167.752066430139
 -167.00051641621374
 -166.19836393812483
 -165.3446966740731
 -164.43926715215352
 -163.4820532107029
 -162.47439563034112
 -161.4180636505086
 -160.31620792098138
 -159.17268087753484
 -157.9924984432591
 -156.78038843962347
 -155.5424157751065
 -154.28376627888233
 -153.01000252839847
 -151.72589666845053
 -150.4367748854125
 -149.14619781982842
 -147.85779998445287
 -146.57562957641892
 -145.30210221700852
 -144.04060125346072
 -142.79524136789794
 -141.76198337300195
 -142.96038269437665
 -144.19889462602995
 -145.4607354017459
 -146.73719548791144
 -148.0226605965318
 -149.3127205566427
 -150.60351185163708
 -151.89133348377106
 -153.17376244454158
 -154.44709773620477
 -155.70586542796565
 -156.94457681458724
 -158.15489172350877
 -159.3278790044859
 -160.4507661523305
 -161.50644436310046
 -162.45878643227135
 -162.75455229489225
 -162.96349245495145
 -163.14034622039821
 -163.28794659050365
 -163.40739795481412
 -163.4990364318872
 -163.56271797091244
 -163.59804735556392
 -163.60440775288436
 -163.58099764939024
 -163.52692319133504
 -163.4408177428253
 -163.3218280798302
 -163.1683142392776
 -162.97901669997918
 -162.75243216245212
 -162.48693543806633
 -162.18076098099195
 -161.83254215533537
 -161.4403619772353
 -161.00272453442997
 -160.51825580380486
 -159.98538600088767
 -159.4031991102688
 -158.77073479321226
 -158.0876089142237
 -157.35357769500854
 -156.5760357438337
 -155.76562804622614
 -154.92229550441743
 -154.046732517186
 -153.13913115227894
 -152.20034094011652
 -151.23068691842482
 -150.23182382471802
 -149.20385508009082
 -148.148841719215
 -147.0670718437113
 -145.96062864991464
 -144.83038382990844
 -143.67795518510172
 -142.50478322359845
 -141.31196125411336
 -140.10155769853927
 -138.8743334406439
 -137.63224609400442
 -136.37612302737796
 -135.1072791661106
 -133.82652710451742
 -132.54189675187524
 -131.25334378485772
 -129.96335769695733
 -128.67275108248907
 -127.3819302386105
 -126.09268287281468
 -124.80451404129154
 -123.51956603814438
 -122.23816390109918
 -120.96089860783964
 -119.68841284659672
 -118.42245000153723
 -117.16374879476577
 -115.9127746212082
 -114.67113050783146
 -113.44041209438144
 -112.22191953176223
 -111.01696035809888
 -109.826915983727
 -108.65346330782398
 -107.49836787621975
 -106.36280425706059
 -105.24901816554441
 -104.15821371870172
 -103.09241501509901
 -102.05302562673502
 -101.04172984000817
 -100.05999771190659
 -99.1092254272079
 -98.19073529847935
 -97.30259926102795
 -96.43430529930554
 -95.58554315002822
 -94.7578198062893
 -93.95185921575128
 -93.16980367251746
 -92.41280558307096
 -91.68269697823115
 -90.98120646772273
 -90.31047634564898
 -89.6723238683872
 -89.06930501441917
 -88.50388711557426
 -87.97838975926078
 -87.49618151827566
 -87.0600399877321
 -86.67365877815298
 -86.34086447004005
 -86.06611894490494
 -85.85453415971138
 -85.712995004474
 -85.65055821219497
 -85.68387457911149
 -85.74731603345275
 -85.79160981084333
 -85.94740630269906
 -86.17174143141769
 -86.44596985107957
 -86.75929144451581
 -87.10468835173286
 -87.47713726241962
 -87.87284114495851
 -88.28903717867844
 -88.72336145284474
 -89.17402625996432
 -89.64615833144299
 -90.16601185087748
 -90.73903858739956
 -91.36862188824824
 -92.05827807064131
 -92.81106544409171
 -93.6298797992494
 -94.51647929472327
 -95.47213453253322
 -96.49615111390091
 -97.58711807960663
 -98.74080255199112
 -99.95356263107881
 -100.3145318002604
 -99.0801050018454
 -97.91242174557912
 -96.81555977747888
 -95.7904203385122
 -94.83588795830123
 -93.94911116952225
 -93.12658842939958
 -92.36416811970547
 -91.65697467454969
 -91.00124061119891
 -90.39339051466695
 -89.82927276672609
 -89.29723033256604
 -88.788900877963
 -88.30663353920951
 -87.85330933251343
 -87.4313364919357
 -87.04454159797803
 -86.6973274343837
 -86.39510144695825
 -86.14513266121074
 -85.95760066774227
 -85.84800385630689
 -85.84770836746507
 -85.20934904801398
 -83.98593659617826
 -82.71153754468449
 -81.42159578011037
 -80.14254277935773
 -78.89253633175714
 -77.68283456218244
 -76.51925860081762
 -75.40333021519818
 -74.3348425631348
 -73.31165335052422
 -72.33107362890578
 -71.39031102872417
 -70.49740284647717
 -69.6632969437547
 -68.90186652168073
 -68.2297180531662
 -67.66803808817043
 -67.23990430524051
 -66.97061054923721
 -66.88118085125684
 -66.98535544244461
 -67.28535048911422
 -67.77516756777652
 -68.456505739272
 -69.6741709331341
 -70.92584689269103
 -72.17905939422548
 -73.43318791116961
 -74.69276819724551
 -75.95589434942342
 -77.22111847237832
 -78.48761319735311
 -79.43707794392668
 -78.16343238897957
 -76.89418961777575
 -75.62862568265274
 -74.36727246352584
 -73.10981969711109
 -71.85685836109221
 -70.60862484654263
 -69.36531122120954
 -68.12771530496589
 -66.89598484223262
 -65.67076990846172
 -64.4527944513157
 -63.24266422292031
 -62.04122136647478
 -60.849367122946674
 -59.668756229850274
 -58.50020128150061
 -57.34568205313794
 -56.20698625225536
 -55.0858277141355
 -53.985190876080836
 -52.90772036322579
 -51.85712456053533
 -50.83708230409026
 -49.85288284415938
 -48.90951994216963
 -48.013553450409695
 -47.167450700708855
 -46.372748235044625
 -45.63014045219533
 -44.94029220205508
 -44.30339555237107
 -43.7187413299229
 -43.18562036149017
 -42.70302798501067
 -42.26970837290659
 -41.88408065987416
 -41.54472649947256
 -41.25030141747147
 -40.999091578588256
 -40.7899445763398
 -40.621530710937826
 -40.492786222551764
 -40.40304626128748
 -40.35183804499805
 -40.33944228808321
 -40.36711481812075
 -40.438918606685846
 -40.31434051096961
 -39.24348894817158
 -38.15905967309139
 -37.06510088286213
 -35.962750209524856
 -34.85239178857393
 -33.73542919200808
 -32.611965840921926
 -31.482179028620568
 -30.347014319397882
 -29.20577731447555
 -28.059842036968096
 -26.90846976477094
 -25.751941212283818
 -24.590463221696016
 -23.424464251828194
 -22.25354539274387
 -21.07875562983155
 -19.898720939976723
 -18.714401661915332
 -17.52672858549915
 -16.33429813872948
 -15.137789945942536
 -13.937159683812036
 -12.733279044421389
 -11.525039944613725
 -10.313122008725255
 -9.097347943450883
 -7.878175756495446
 -6.6551031168278305
 -5.429267656489089
 -4.199177156827972
 -2.9663533853799104
 -1.7304713044188917
 -0.49105813179798424
 0.7510439892835915
 1.9965885553725065
 3.2445265810802577
 4.495522916300968
 5.749296846634894
 7.006173409808055
 8.264941101568937
 9.526530711769313
 10.790129646094144
 12.056550498858465
 13.324596540252864
 14.59524288345538
 15.867706483035162
 17.142238504507766
 18.41920830892548
 19.697345294268427
 20.97758025038838
 22.258967612991484
 23.54202448755093
 24.826071249730514
 26.11131474171951
 27.397533346886558
 28.685185072936488
 29.973575521090996
 31.262675142465902
 32.55260213259793
 33.84273596491926
 35.13319483496658
 36.42380144943483
 37.71485129716582
 39.005369264981525
 40.29653730824925
 41.58681888499148
 42.87680497289188
 44.166584218603
 45.45459053126313
 46.74221270842887
 48.028771125764024
 49.314147587731846
 50.59769201888032
 51.8803499835033
 53.16117591730691
 54.44079034685902
 55.718631843360136
 56.99375484251641
 58.267075359737504
 59.53782512403466
 60.80612233094461
 62.071376002783694
 63.33426576388813
 64.59440747876353
 65.8510919741895
 67.10381691913493
 68.35249366694725
 69.59661988659538
 70.83628422473184
 72.07062976371533
 73.30007018792443
 74.52377812860199
 75.74178313463219
 76.9529327995319
 78.15814313871078
 79.35623219680151
 80.5470817782674
 81.73107601860276
 82.9063828869883
 84.07371155664437
 85.23276653872914
 86.38304550221152
 87.5238392738711
 88.65482281598187
 89.77611432408058
 90.88765470039881
 91.98838018510601
 93.07784754493943
 94.156529562046
 95.22345112324767
 96.27875997296533
 97.32198332905212
 98.35288480043448
 99.37075521389208
 100.37574231384582
 101.36775745364315
 102.34623920448459
 103.31092162641251
 104.2618933660794
 105.19817931030727
 106.12016359459051
 107.02790531669743
 107.92037026568165
 108.79811987034269
 109.66085864183864
 110.50885252012722
 111.34124458756708
 112.15800529527404
 112.95889825217462
 113.74430759376325
 114.51381963566132
 115.26761167117394
 116.00527001592256
 116.72714925651736
 117.43304255076907
 118.12283170314096
 118.7965462625172
 119.45380209340341
 120.09507197794653
 120.71985358511543
 121.32876744147799
 121.92104527604542
 122.49695302877537
 123.05660889520458
 123.59977648425959
 124.12654444259293
 124.63679457466787
 125.13034958717934
 125.60685489351712
 126.0666650802914
 126.50951420754454
 126.93495904201382
 127.34276319262571
 127.7328675616119
 128.10435613356267
 128.45693341963627
 128.78959475777037
 129.1011581925977
 129.39008718214072
 129.6529540558342
 129.88213520155884
 128.89709359842874
 127.61668134900368
 126.33609180627354
 125.05565000796429
 123.77559234514943
 124.30658579392097
 125.58661390785166
 126.86717390169763
 128.1475270533543
 129.42749606951662
 130.70826290555186
 131.98837966613507
 133.26864417113921
 134.54929281163774
 135.82955731664188
 137.11011731048785
 138.39032271772362
 139.67058722272776
 140.9513836076472
 142.23176630818804
 143.5117057754662
 144.79197028047034
 146.07211658993774
 147.35252883936278
 148.6326160510618
 149.91329424044451
 151.19373603875374
 152.47447332590482
 153.75438324429877
 155.03485459149218
 156.31520774314887
 157.5955313459214
 158.87588449757806
 160.1561490025822
 161.4367089964282
 162.71632342598028
 163.99652883321605
 165.27670469156763
 166.55729423429779
 167.83752919041774
 169.1179414398428
 170.3980877493102
 171.67876593869292
 172.9582326238241
 174.23834938440731
 175.51861388941145
 176.79881929664722
 178.07905425276718
 179.35928920888713
 180.63937642058616
 181.91961137670611
 183.20076234823577
 184.48099730435572
 185.76149820043332
 187.0417036076691
 188.3220567593258
 189.602173519909
 190.88276306263916
 192.1627911765698
 193.4423169594694
 194.7226405622419
 196.00284596947765
 197.2832877677869
 198.56375911498031
 199.8443191088263
 201.1244358694095
 202.40514360767642
 203.68520127049126
 204.9657908132214
 206.2457893782679
 207.52614252992458
 208.80652523046547
 210.08664199104865
 209.99116954625288
 209.25563872116544
 208.5199010538887
 207.78413383772784
 207.04833707268276
 206.31277669871113
 205.57703903143442
 204.8411536197368
 204.1053864035759
 203.36976693183593
 202.98675429505371
 202.73337261318304
 202.48005002908073
 202.22669789609427
 201.97334576310777
 201.71987543458457
 201.4664642038297
 201.21305297307484
 200.95970084008835
 200.7062896093335
 200.45287837857865
 200.19949669670797
 199.9460854659531
 199.69267423519827
 199.4392630044434
 199.18588132257275
 198.9324700918179
 198.6791179588314
 198.42570672807656
 198.17235459509007
 197.9189433643352
 197.66559123134874
 197.4121800005939
 197.1588278676074
 196.90541663685255
 196.65206450386606
 196.3986828219954
 196.1453011401247
 195.8919490071382
 195.63853777638337
 195.38515609451272
 195.13177441264205
 194.87839273077137
 194.62501104890072
 194.37162936703
 194.11824768515936
 193.8648660032887
 193.61145477253385
 193.35810263954735
 193.10475050656086
 192.85133927580603
 192.59798714281953
 192.34457591206467
 192.09122377907818
 191.83781254832334
 191.58446041533688
 191.331049184582
 191.07766750271134
 190.82425627195647
 190.57090413896998
 190.31749290821514
 190.06414077522868
 189.8107886422422
 189.55737741148732
 189.30402527850083
 189.050614047746
 188.79723236587532
 188.54382113512048
 188.290469002134
 188.03705777137912
 189.07484413277618
 190.35575871323235
 191.63640735373085
 192.91732193418704
 194.19800012356976
 195.47876695960497
 196.75994748001878
 198.0404779249806
 199.32115611436328
 200.60171610820927
 201.88245339536033
 202.81389332258217
 203.1578718833584
 203.5018504441347
 203.8458881026793
 204.1898371145714
 204.53387477311603
 204.87782378500813
 205.221743248016
 205.56575135767645
 205.90970036956853
 206.2537380281132
 206.59771658888943
 206.94172469854988
 207.28567371044196
 207.6297113689866
 207.97366038087867
 208.31766849053912
 208.6616175024312
 209.0056551609758
 209.3496041728679
 209.69355318476
 210.03756129442044
 210.3815398551967
 210.72554796485716
 211.0694969767492
 211.0003525877606
 210.59768994299657
 210.1949682004642
 209.79230555570012
 209.38958381316772
 208.98695071728787
 208.58428807252383
 208.18156632999145
 207.77890368522742
 207.3762114915792
 206.97357839569932
 206.57085665316694
 206.1681940084029
 205.76547226587047
 205.36280962110644
 204.96008787857406
 204.55742523381002
 204.15470349127762
 203.75204084651358
 203.34940775063373
 202.94668600810132
 202.5439938144531
 202.1412720719207
 201.73860942715666
 201.33588768462428
 200.93322503986022
 200.53047374844363
 200.1278406525638
 199.21835554629007
 197.92993554925138
 196.641249612255
 195.35280006633215
 194.06440961817762
 192.7756941322971
 191.48724458637423
 190.19847000272534
 188.9099613590341
 187.62112767761684
 186.3324712895047
 185.0436671569716
 183.75521761104875
 182.46629528297893
 181.1776093459826
 179.88907115340717
 178.60038521641084
 177.31190612160378
 176.02322018460742
 174.7348001875687
 173.44611425057238
 172.1575169602286
 170.86912651207408
 170.18678367851638
 170.2086794016961
 170.23057512487583
 170.25247084805557
 170.27436657123528
 170.29626229441502
 170.31815801759475
 170.34005374077444
 170.36194946395418
 170.38384518713391
 170.40574091031363
 170.42763663349336
 170.4495323566731
 170.4714280798528
 170.49332380303255
 170.5152195262123
 170.53711524939203
 170.55901097257174
 170.58090669575148
 170.60280241893122
 170.62469814211093
 170.64659386529067
 170.6684895884704
 170.6903853116501
 170.71228103482983
 171.05623004672194
 171.63098539296874
 172.20571119033136
 172.5214114689443
 171.94263747444862
 171.36392257772124
 170.7852076809939
 169.6221635995444
 168.33194112057052
 167.0418368371334
 165.7517916514646
 164.46174646579587
 163.17181947566382
 161.88177428999504
 160.59167000655793
 159.30165436977336
 158.01149098856786
 156.7214162540149
 155.43137106834612
 154.1414145293299
 152.85136934366113
 151.56132415799237
 150.27121987455524
 148.9811155911181
 147.69109995433354
 146.40129115973824
 145.11124597406945
 143.82123033728487
 142.53115560273193
 141.24113996594735
 139.9510652313944
 138.66116779014652
 137.37103395782523
 136.08081147885136
 134.79097313537187
 133.50098704747148
 132.2109418618027
 130.92030569845028
 129.62984682840295
 128.33882652955614
 127.04792442624606
 125.75699277405181
 124.46612021962589
 123.17536586073675
 121.88467059961594
 120.59382759407424
 119.30330962625854
 118.01267346290611
 116.72224414174295
 115.43205121165326
 114.1421833192896
 112.85249272023104
 111.56303851224594
 110.27393889087104
 108.98519385610632
 107.69686250572019
 106.40903348636515
 105.12173634692542
 103.83497108740099
 102.54888545221276
 101.26347944136076
 99.97884170149752
 98.69506087927557
 97.41231426800005
 96.1304836721342
 94.84977593386732
 93.57027969985195
 92.292142714509
 91.01545362449102
 89.74044882087149
 88.46724649918711
 87.1960830505114
 85.92722441480197
 84.66096608090065
 83.39786947760695
 82.13834828929939
 80.88337762915604
 79.63487817464879
 79.05004665889554
 79.1273465399187
 79.18656250382178
 79.23002891245523
 79.25818899908178
 79.27142689919583
 79.2693880261872
 79.25177689121402
 79.21779567440338
 79.16682384918742
 79.09788630238809
 79.00974198086969
 78.90109073372818
 78.76652511515803
 78.58952729890085
 78.37305217337496
 78.12185710893385
 77.83978346052132
 77.52984521432408
 77.19467222103438
 76.83612606035582
 76.45606831199191
 76.05568093130998
 75.63602767814062
 75.1975222368624
 74.74028280301205
 74.26330471452735
 73.8429127392534
 75.13245559389107
 76.42196889964454
 77.71160040093473
 79.00117280445657
 80.29053836578912
 81.57996302489003
 82.86947633064351
 84.15890098974442
 85.44844384438208
 86.73804579678811
 88.02758865142577
 89.31710195717922
 90.60667436070108
 91.89636495975962
 93.18590781439728
 94.47562796234003
 95.76522991474606
 97.05495006268882
 98.34464066174739
 99.63439035857432
 100.92402185986451
 102.21371245892308
 103.50340305798166
 104.79324140146115
 106.08299109828808
 107.37271124623082
 108.66260868747867
 109.95259477537907
 111.24246266774274
 112.53244875564314
 113.82240529465936
 115.11239138255976
 116.40246611711271
 117.69224536282383
 118.98234964626096
 120.27248347858227
 121.56249911536686
 122.85266249657235
 124.1429440733146
 125.43331429670937
 126.72359587345161
 128.0139660968464
 129.30445451577788
 130.5950020324778
 131.88560864694603
 133.17627435918263
 134.46708781584016
 135.7578717236135
 137.04856698473432
 138.33920314808674
 139.62969156701826
 140.91988449710792
 142.21016607385016
 143.50018171063476
 144.79031554295605
 146.08015388643554
 147.3700217787992
 148.6598601222787
 149.9494916235689
 151.23918222262748
 152.5287546261493
 153.81832702967114
 155.1078698843088
 156.39732409229387
 157.68674875139484
 158.97620295937992
 160.2655389718283
 161.55496363092922
 162.84418144784087
 164.133487911405
 165.42261708166413
 166.71171670303903
 168.00066857999303
 169.28944316364192
 170.57851323613264
 171.8673469175499
 173.1562987945039
 174.44525067145784
 175.7341434506435
 177.02300668094495
 178.3118699112464
 179.60070359266362
 180.88944862742832
 182.1781050155405
 183.466820501421
 184.75550643841734
 186.0441923754137
 187.3328192146417
 188.62144605386965
 189.91004334421342
 191.19855198790466
 192.4870901804801
 193.77556927528718
 195.06404837009424
 196.3524979160171
 197.64091791305577
 198.9291606167894
 200.06971799737548
 200.709599084362
 201.34945062246433
 201.98933170945085
 202.629153698669
 203.26894613900296
 203.90870903045274
 204.54856056855508
 205.18835300888904
 205.82820454699134
 206.46817428063042
 207.10799626984854
 207.74787735683506
 208.3877288949374
 209.02760998192392
 209.66746152002625
 210.30734260701277
 210.94719414511508
 211.5870752321016
 212.22689722131977
 212.86680785719045
 213.50665939529276
 214.14648138451093
 214.78633292261324
 215.4261549118314
 216.06600644993372
 216.70582843915187
 217.3457095261384
 217.9855610642407
 218.62544215122722
 219.26526414044534
 219.9051156785477
 220.54496721665004
 221.18478920586816
 221.8246111950863
 222.46449228207283
 223.10434382017516
 223.74413626050912
 224.38398779861146
 225.02383933671376
 225.66372042370028
 226.30357196180262
 226.94345304878914
 227.5832454891231
 228.2232743205305
 228.86321450528538
 229.5031251411561
 230.14309487479514
 230.78294641289745
 231.42267975546307
 232.06259039133377
 232.70250102720445
 233.34241166307515
 233.9824109455984
 234.6223215814691
 235.26223221733977
 235.9021133043263
 236.54196484242863
 237.18178683164678
 237.8216383697491
 237.69428267891965
 236.40923125467785
 235.12429802597276
 233.83921705284678
 232.55446111744678
 231.26926194878408
 229.984328720079
 228.6993954913739
 227.41419632271118
 226.12896760516426
 224.84373888761738
 223.5587761100281
 222.27351784359703
 220.98855506600776
 219.7037695817236
 218.4186886085976
 217.13372583100832
 215.84879260230326
 214.56380027582978
 213.27880794935635
 211.99378607399873
 210.70861645422016
 209.4233581877891
 208.1384545079682
 206.8532553393055
 205.56817436617948
 204.28324113747442
 202.99816016434838
 201.7127246046122
 200.4280277669806
 199.14297634273876
 197.85813176068626
 196.5729916897919
 195.2878811677817
 194.00288884130828
 192.71771922152973
 191.43260869951953
 190.14776411746703
 188.8625944976885
 187.57763172009922
 186.29263939362576
 185.00791300710998
 184.14892694390528
 183.64216358016395
 183.13548886307515
 182.62881414598635
 182.12213942889758
 181.61537606515623
 181.10870134806746
 180.60208572874703
 180.09535191388986
 179.588824941222
 179.08215022413322
 178.57547550704442
 178.0688303388398
 177.562155621751
 177.05548090466223
 176.54880618757343
 176.04213147048463
 175.53545675339586
 175.02881158519128
 174.52213686810248
 174.01546215101368
 173.5087874339249
 173.0021127168361
 172.44115669950284
 171.58187514745632
 170.72262314429395
 169.86334159224742
 169.9156726661358
 170.74115029467677
 171.35813099642135
 171.86028473423013
 172.2868819751825
 172.65181069484467
 172.94396051276365
 173.16531120417974
 173.31869946197455
 173.40613461027257
 173.42856221336757
 173.38376610494592
 173.25233266809917
 172.93536178746632
 172.5439277186919
 172.08899309780784
 171.57265589559114
 170.9941478410531
 170.35143006118497
 169.64240458520985
 168.8647961490456
 168.01680227075704
 167.0978024237763
 166.1087421723973
 165.05269460057502
 163.9349785074625
 162.7637198362101
 161.548315131988
 160.2990769553762
 159.02670200244896
 157.74144373601786
 156.4510144148547
 155.1622989289742
 153.87869540005735
 152.60475435626842
 151.34508542353996
 150.10580522089788
 148.8933554050941
 147.71497545275352
 146.57870266037398
 145.49171740681194
 144.46114097315558
 143.4930604295466
 142.59314916174822
 141.76495303586236
 141.01201791799105
 140.33694410994238
 139.74262740236634
 139.23450478995255
 138.82853267016
 137.66770475502423
 136.3769208472509
 135.08610739059336
 133.79529393393582
 132.50459867281504
 131.21354882508405
 130.39002142289914
 130.15986516399644
 129.7550749995712
 129.18096972877643
 128.44662085905634
 127.60232059129066
 126.67625856099016
 125.75232405035085
 124.79242854766062
 123.7867322744865
 122.73943117238245
 121.65238682105205
 120.52657433367334
 119.36305747007691
 118.16499796087032
 116.93470061901994
 115.67757289033122
 114.4002928226296
 113.11178417893834
 111.82253681314252
 110.54386794788428
 109.28750849018432
 108.0637414517384
 106.88004270024486
 105.74244020807707
 104.65335698373802
 103.61438866697362
 102.62423510687985
 101.67831622640826
 100.78041428273431
 99.9368822859574
 99.15428008836619
 98.4392561889019
 97.79887277088426
 97.23924645333922
 96.76551874211466
 96.3815605410386
 96.08997215191908
 95.89143319909238
 95.78538225375898
 95.76983954067863
 95.8420570136223
 95.99878429532983
 96.23715514403544
 96.55459880681522
 96.95090844147988
 97.43184608044513
 97.49428287272416
 97.26232413188629
 97.03042448881678
 96.79846574797891
 96.56653655602521
 96.3346369129557
 96.10267817211785
 95.87074898016415
 95.63884933709465
 94.38683356536961
 93.1159951544199
 91.84539313454367
 90.57446607694142
 89.3036572148759
 88.03281880392618
 86.7621281373974
 85.49120107979515
 84.22051041326634
 82.94970155120082
 81.67877449359857
 80.40787698488049
 79.14761707446836
 78.92257277252935
 78.64549288554379
 78.32952666697315
 77.97931329163424
 77.59751215910353
 77.1851574803274
 76.74354940620997
 76.2733380122032
 75.7751142759908
 75.24902594199366
 74.695427596822
 74.11464427820182
 73.50676463278569
 72.87208414941541
 72.2104550836701
 71.52229111992828
 70.80791729591601
 70.06712676944397
 69.30056961596422
 68.50845267766601
 67.69092369897031
 66.84872140198163
 65.98166849339492
 65.09056279308311
 64.17564069211967
 63.237700010377544
 62.27742037219293
 61.295333657481144
 60.292089941694215
 59.26854614247344
 58.22514549308158
 57.163040400001776
 56.08252635207585
 54.98493304909207
 53.87088101761825
 52.74134537083246
 51.597064830839265
 50.438748570859055
 49.26748989960662
 48.083879794765636
 46.8892775050085
 45.6837421281036
 44.4685442660708
 43.244304445477944
 42.011790937313805
 40.77165381703042
 39.52454316007979
 38.27134543298744
 37.01244477124773
 35.74822531035505
 34.47960306571908
 33.20657803733982
 31.929268420754
 30.64832429141365
 29.364159333697334
 28.077423623057083
 26.78853084387146
 25.498456109318507
 24.207701750429347
 22.91706558707692
 21.62777389795482
 20.34040288630463
 19.055986763072756
 17.775574513647705
 16.50027422118634
 15.230898480003699
 13.968673568793387
 12.714678021828083
 11.46988695228584
 10.235659608839079
 9.012601743613555
 7.802190800818428
 6.605076855905726
 5.422766901968792
 4.255231390123441
 3.1038295690421016
 1.9688717020086943
 0.8516283910430967
 -0.24772307054959236
 -1.3282518929176033
 -2.3897216849874705
 -3.4315710179597136
 -4.45348962855041
 -5.455314997896552
 -6.43669253938794
 -7.397341538624837
 -8.3373358678177
 -9.256350489240512
 -10.154355854009092
 -11.031292864355072
 -11.887087648067995
 -12.721932272895053
 -13.535457377783954
 -14.327810707155615
 -15.09885929103121
 -15.848351963895187
 -16.576318274631724
 -17.282433185514808
 -17.96615004218705
 -18.627158581364526
 -19.264468915427102
 -19.87673657014444
 -20.461686281434446
 -21.014708423364535
 -20.949715652603654
 -19.759235432190078
 -18.56893250508159
 -17.378910292372854
 -16.18860736526437
 -14.99840785925053
 -13.808104932142049
 -12.617949749454484
 -11.427543401251361
 -10.237299571911246
 -9.04687844926603
 -7.856368679968267
 -6.666065752859786
 -5.475659404656663
 -4.285474673084915
 -3.0953933626078065
 -1.9050904354993252
 -0.7146988617382943
 0.4756040653701871
 1.6655671803105623
 2.855751911882311
 4.046158260085433
 5.236357766099274
 6.426542497671023
 7.616830650337413
 8.807133577445894
 9.997421730112285
 11.187828078315407
 12.37823442651853
 13.568419158090277
 14.7588255062934
 15.394377681747079
 16.04414287049286
 16.801983103138582
 17.655399201674758
 18.614009327903016
 19.66060125678666
 20.77422482943982
 21.830021235746518
 21.414165014194694
 20.99833834152706
 20.582526443301514
 20.166670221749694
 19.750814000197874
 19.33491345531978
 18.91910155709423
 18.503215786658227
 18.08738911399059
 17.671503343554583
 17.255647122002763
 16.83976135156676
 16.42389035557285
 16.008034134021027
 15.592177912469207
 15.176306916475294
 14.760435920481383
 14.344594473371655
 13.928767800704017
 13.512926353594288
 13.097070132042468
 12.681213910490646
 12.265357688938826
 11.849501467387006
 11.433645245835185
 11.017789024283365
 10.601962351615727
 10.186091355621814
 9.770249908512085
 9.354393686960265
 9.149989280623197
 9.565727306638285
 9.98152443042174
 10.397321554205194
 10.81311867798865
 11.228930576214195
 11.64474247443974
 12.060480500454828
 12.476218526469916
 12.891986101369186
 13.307797999594733
 13.723595123378187
 14.139347923835366
 14.55513027317673
 14.97091262251809
 15.386709746301547
 15.802506870085
 16.218303993868453
 16.63410111765191
 17.049853918109086
 17.465665816334635
 17.88146294011809
 18.297274838343636
 18.71310151101127
 19.128883860352634
 19.544666209693997
 19.960389461266995
 20.37620135949254
 20.792028032160175
 21.20782515594363
 21.62365182861127
 22.352711448062585
 23.56971179203056
 24.833399373007936
 26.1194111359857
 27.40864372733943
 28.680014018204435
 29.914950534871593
 31.10343620560281
 32.238113358236475
 33.12839168979116
 33.66866348819621
 34.208905737717075
 34.74911843835376
 35.28939023675881
 35.829573388511314
 36.36987473580054
 36.91005788755305
 37.45035923484228
 37.99063103324733
 38.53084373388402
 39.07108598340489
 39.611357781809936
 40.15160003133081
 40.69184228085168
 41.232084530372546
 41.77232677989341
 42.31259857829847
 42.85289992558769
 43.39314217510857
 43.933354875745245
 44.473597125266124
 45.01386892367117
 45.55414072207623
 46.094264776060356
 46.63456612334959
 47.174837921754644
 47.715139269043874
 48.255411067448925
 48.79568286585398
 49.33592511537485
 48.95152368103601
 48.41128143151514
 47.871068730878456
 47.33082648135758
 46.790613780720896
 46.25037153120003
 45.71018837944754
 45.16997567881085
 44.62976297817416
 44.08952072865329
 43.549308028016604
 43.00906577849574
 42.46882352897487
 41.92858127945401
 41.38836857881732
 40.848126329296456
 40.30788407977558
 39.767671379138896
 39.2274882273864
 38.68724597786554
 38.147003728344664
 37.60679102770798
 37.06654877818711
 36.526336077550425
 35.98609382802955
 35.44588112739287
 34.905638877872
 34.365396628351135
 33.82515437883027
 33.284912129309404
 33.33901613624878
 34.33425210442208
 35.28052557150386
 36.17024247425906
 36.992765214381734
 37.75258522226773
 38.452716484103725
 39.18978385116868
 40.41236893424727
 41.635072212862596
 42.85759819817282
 44.080360574556515
 45.30315249982439
 46.52585577843971
 47.748440861518304
 48.97114414013364
 50.19384741874896
 51.416580246248465
 52.63928352486379
 53.86198680347912
 55.08460143544189
 56.3073342629414
 57.53003754155673
 58.75256352686696
 59.97532590325065
 61.198058730750155
 62.42079155824967
 63.64355393463336
 64.86634585990123
 66.08899004074819
 67.31175241713188
 68.53445569574721
 69.75727716989927
 70.98000999739878
 72.2027132760141
 73.4254756523978
 74.64811983324475
 75.87082311186008
 77.09355593935959
 76.59370701451711
 75.37091508924924
 74.14803451732881
 72.92527214094513
 71.70242111790888
 70.47957009487263
 69.25665997406803
 68.03386804880016
 66.81095792799555
 65.58825464938022
 64.3653740774598
 63.14249350553937
 61.91970158027149
 60.69682100835107
 59.47399953419902
 58.25123715781532
 57.028386134779076
 55.80556466062702
 54.58268408870659
 53.359862614554544
 52.137011591518295
 50.914131019597875
 49.691457289866726
 48.46863581571467
 47.245814341562614
 46.02296331852637
 44.80014184437431
 43.57726127245389
 42.35441024941765
 41.131588775265584
 39.90876730111353
 39.10358975600638
 39.430577708377314
 39.648205240386346
 39.784573340891676
 39.847748855275285
 39.792876577347144
 39.61345575258695
 39.31521886452622
 38.89444275375791
 39.675390213834866
 40.83497707583494
 41.994652584487575
 43.154298544256015
 44.31385585737191
 45.47350181714035
 46.633088679140435
 47.79249824783541
 48.95208510983549
 50.111553776298834
 51.27114063829892
 52.43078659806736
 53.59046210671998
 54.749989870951694
 55.90957673295178
 57.0690749482993
 58.228602712531014
 59.38821912341527
 60.547776436531166
 61.70736329853125
 62.866950160531324
 64.02656657141559
 65.18615343341565
 66.34568119764738
 67.50526805964746
 68.66488447053172
 69.8244713325318
 70.98393999899514
 72.14355640987941
 73.30317282076366
 74.31941804559119
 73.1596834391702
 72.0001261260543
 70.84059836182259
 69.68110014647506
 68.52154283335916
 67.36201506912745
 66.20248730489574
 65.04292999177984
 63.88337267866395
 62.72384491443224
 61.564287601316344
 60.404730288200454
 59.245202523968736
 58.08567475973703
 56.926206093273684
 55.76658968238942
 54.60700282038934
 53.447475056157636
 52.287858645273374
 51.12827178327329
 49.968773567925766
 48.80921625480987
 47.64959984392561
 46.489983433041346
 45.330514766578005
 44.1709574534621
 43.01131149369366
 41.851842827230314
 40.692285514114424
 39.53275774988271
 38.578181046345456
 37.925889428002016
 37.189915369651835
 36.366210674161835
 35.43116578306965
 34.40218498915918
 33.31298356928341
 32.28556886623464
 32.72173994566239
 33.15788147620596
 33.59405255563371
 34.03025318394564
 34.46642426337339
 34.90262489168532
 35.33882551999725
 35.774996599425
 36.21119722773693
 36.64739785604887
 37.08356893547661
 37.519740014904365
 37.95591109433211
 38.392111722644046
 38.82825325318761
 39.26442433261536
 39.70065450981148
 40.13682558923923
 40.572996668666974
 41.009167748094725
 41.445368376406655
 41.88156900471859
 42.31774008414634
 42.75394071245827
 43.19008224300183
 43.6262237735454
 44.062424401857335
 44.49856593240089
 44.93473701182865
 45.370908091256396
 45.35173086542152
 44.91555978599377
 44.47938870656602
 44.04318807825408
 43.60698744994216
 43.17075727274604
 42.73458619331829
 42.29838556500636
 41.862184936694426
 41.42604340615086
 40.989901875607295
 40.55370124729536
 40.1175597167518
 39.68135908843986
 39.24518800901212
 38.80901692958437
 38.37281630127244
 37.93661567296051
 37.500444593532755
 37.064273514105004
 36.62804333690889
 36.19184270859696
 35.75567162916921
 35.31950054974146
 34.88327037254535
 34.447099293117596
 34.010928213689844
 33.574786683146286
 33.138615603718534
 32.702414975406604
 32.26618479821048
 31.115048917086796
 29.904431132102385
 28.665919200449064
 27.406693500983344
 26.12957595214471
 24.840106969717514
 23.565397654939815
 22.326073128971455
 21.137631781566515
 20.307588850419222
 19.747474976285176
 19.187390651035308
 18.62726200245917
 18.06723677497767
 17.50712290084362
 16.94699425226748
 16.38695425034389
 15.826840376209839
 15.266741276517882
 14.706642176825927
 14.146528302691877
 13.586443977442011
 13.026374426634238
 12.466275326942279
 11.90614667836614
 11.34601802979
 10.78590415565595
 10.225790281521903
 9.665691181829944
 9.10562163102217
 8.545522531330212
 7.985423431638256
 7.425353880830481
 6.865254781138525
 6.305200004772842
 5.745071356196701
 5.184987030946836
 4.624932254581153
 4.064818380447105
 3.677417734363675
 4.237265668540075
 4.797039730506018
 5.356902439124509
 5.916765147743001
 6.476642630803585
 7.03653488830626
 7.596412371366843
 8.156275079985335
 8.716108239719643
 9.275882301685586
 9.835715461419896
 10.395578170038387
 10.95545565309897
 11.51530358727537
 12.075033325915038
 12.634881260091438
 13.19474396870993
 13.75459190288633
 14.314439837062732
 14.874287771239132
 15.43410615653135
 15.993983639591931
 16.553816799326242
 17.11366473350264
 17.67349789323695
 18.233316278529166
 18.79317898714766
 19.352997372439877
 19.91287485550046
 20.472737564118948
 19.65955227139816
 18.679002098663897
 17.80918636940606
 17.03129721884206
 16.333101408920065
 15.711023524653912
 15.160926722257956
 14.680151602155714
 14.270072187461702
 13.974539022303745
 13.853802281531319
 13.827592421260848
 13.89091568006538
 14.046446231963484
 14.299325582803041
 14.655714674936235
 15.121183473031595
 15.699381264285744
 16.391224064108357
 17.193195555281637
 18.0973766368445
 19.092051176218316
 20.163272100068628
 21.29645703405105
 22.478220333630592
 23.70423308727443
 24.967477434989064
 26.253045964704082
 27.541495510626955
 28.811654297240448
 30.04437464759387
 31.225532195047663
 32.34688280091472
 33.405205636819076
 34.40029386057146
 35.33412724741213
 36.209069708075745
 37.027396506644415
 37.790378245138
 38.49636018604226
 39.097798174706476
 39.43388718340583
 39.669775925840064
 39.81087184781469
 39.85339269215427
 39.79036492219158
 39.61398763250224
 39.31710999311395
 38.89441320487373
 38.34468576353006
 37.6715326329533
 36.88334569625147
 35.99291962027587
 35.015294787075746
 33.96557067646868
 32.85804894839935
 31.70499238980375
 30.516299876883252
 29.29622644896023
 28.046929174580054
 26.77343136405386
 25.485262532530726
 24.197935844206807
 22.93259352571517
 21.713598632064834
 20.564073165129123
 19.501258898828922
 18.534641024987025
 17.666686875432728
 16.895579193788766
 16.21817102388963
 15.632526913821323
 15.145723821345717
 14.09415290547721
 12.893818132188542
 11.693439035573602
 10.493045164516568
 9.292666067901626
 8.092316520170867
 6.891996521324292
 5.691617424709349
 4.491282651420683
 3.2908740059215575
 2.090480134864524
 0.8901305871337652
 -0.31021896059699355
 -1.510686703864485
 -2.711065800479427
 -3.91145967153646
 -5.111912640361861
 -6.312276962534711
 -7.512641284707561
 -8.713064704648778
 -9.913429026821628
 -11.113852446762845
 -12.314187220051513
 -13.514551542224362
 -14.714945413281395
 -15.91526541212797
 -17.115644508742914
 -18.316008830915763
 -19.516387927530705
 -20.716840896356107
 -21.561244585216418
 -22.070623025207965
 -22.53519058233574
 -22.97184921835251
 -23.388281643145906
 -23.788949738227576
 -24.176616324268654
 -24.55334982316196
 -24.91956391928606
 -25.256066612363977
 -25.563227263448017
 -25.83735226201527
 -26.073477395522968
 -26.26535307496637
 -26.403597529617326
 -26.473096505216137
 -26.440430213751643
 -26.32093452611491
 -26.17536194818653
 -25.999605185065047
 -25.797609012788907
 -25.571279334387928
 -25.321591263040155
 -25.049298295292257
 -24.754755017754434
 -24.43799097931087
 -24.09927211991921
 -23.73828817629553
 -23.35514256953448
 -22.94951026191004
 -22.521287832327562
 -22.07007637085058
 -21.59571335861608
 -21.097829434571786
 -20.5760552376654
 -20.03012482793927
 -19.459683618783203
 -18.864436121355368
 -18.244027749045564
 -17.598133464127777
 -16.926546424412727
 -16.22882339663766
 -15.504949606360494
 -14.754732985834032
 -13.97793714398481
 -13.17457685525492
 -12.344725991854817
 -11.488281132689862
 -10.605567315486072
 -9.696776607990637
 -8.762322694582119
 -7.802560161870717
 -6.817976566445455
 -5.809281081526727
 -4.777153331450745
 -3.7233810237105933
 -2.654878597205132
 -1.573079172817245
 -0.4778054572418332
 0.6306913840055466
 1.752426125366986
 2.8872362479794766
 4.035062654074654
 5.19556553148441
 6.368582361345738
 7.553788105932623
 8.750798629750683
 9.959303669515997
 11.178830443081631
 12.408758423879743
 13.648585280879216
 14.8976904875122
 16.155320547232034
 17.420692414607853
 18.692919623114168
 19.971027059572936
 21.25415780634284
 22.54107081028819
 23.830525018273296
 25.12119073050991
 26.411516630578415
 27.699729785427824
 28.983599254302305
 30.260229246551916
 31.52453735409714
 32.78444267789908
 34.05214890712537
 35.313856712862474
 36.56995023060478
 37.82048855812065
 39.06517620656825
 40.303835882642495
 41.53620164638571
 42.76177116676681
 43.98024895494394
 45.191132679886
 46.3938609127935
 47.58796087151952
 48.772752931727844
 49.94761656685062
 51.11178350589908
 52.264485477884485
 53.40489511404969
 54.53203730121665
 55.64490737732313
 56.74253022919111
 57.823605705916506
 58.886981401016186
 59.93132761470191
 60.95525554941706
 61.957228663184125
 62.93568086514137
 63.888986966658756
 64.81540358356945
 65.71315778282248
 66.58106760905049
 67.42897284068651
 68.26086257709525
 69.07576170509867
 69.87272466040291
 70.6504512921039
 71.40781874260269
 72.14343821434267
 72.85586181199886
 73.54337570028864
 74.20420694616102
 74.83619848107062
 75.43710458981953
 76.00429542171545
 76.53478653945588
 77.02482523474954
 77.47033376157917
 77.86605241856016
 78.20485992460438
 78.47691650127881
 78.66555657790416
 78.76247691802494
 78.93016683576441
 79.06337320566215
 79.16906956438534
 79.25006305593139
 79.30762428232022
 79.34263971007728
 79.35534573027603
 79.34606738064251
 79.3148637589451
 79.26170531629957
 79.18623746609576
 79.0884011105653
 78.96801895640306
 78.82447047704123
 78.65769657471144
 78.46704717396162
 78.25234498148673
 78.01285127518214
 77.7483592128586
 77.45833691460079
 77.14222295160927
 76.79957409062125
 76.42988800060563
 76.03272144829965
 75.60760165155642
 75.15402627934478
 74.6717293917071
 74.16029730426483
 73.61931633263939
 73.04860918352567
 72.44790991696604
 71.81715943519212
 71.15609179824628
 70.46494339720196
 69.74371423205919
 68.99255204723887
 68.211781880467
 67.40175831835381
 66.56301324081458
 65.69610807664878
 64.80166335242427
 63.880476888014
 62.933346503290906
 61.96118821366466
 60.964947583429144
 59.94565882353075
 58.90435614491589
 57.84216240518354
 56.76020046193264
 55.659593172762165
 54.54140429750271
 53.40687488928996
 52.256920963533595
 51.092754024485124
 49.9153491853226
 48.725711108108236
 47.52481490602009
 46.31360614335202
 45.09294173774533
 43.8635899601888
 42.62643727720789
 41.38219286202304
 40.13144769231789
 38.874970039081205
 37.61332133111246
 36.34706299721114
 35.07652007510327
 33.80201760251485
 32.52391016605608
 31.2424932545688
 29.958180552431568
 28.67150393955968
 27.382877100331708
 26.092950110199673
 24.80228439796306
 23.511589136842264
 22.22157350005768
 20.933005758598075
 19.646801927873117
 18.363818925524132
 17.084987541402878
 15.811415858666226
 14.544034667165949
 13.28399637338519
 12.032409060480818
 10.7903808116097
 9.55906403325498
 8.339596357457712
 7.1331006418168545
 5.9406701950471845
 4.763398325863481
 3.602260147443786
 2.4582898707345127
 1.3323296389348804
 0.2252511441282928
 -0.8622216660227627
 -1.9294534905083478
 -2.975823802760616
 -4.000785948422179
 -5.003955791998655
 -5.985052619090304
 -6.943633196434379
 -7.879771396241337
 -8.793038759690523
 -9.683627354529127
 -10.5514485341046
 -11.396457975090668
 -12.218803421908245
 -13.018617844536154
 -13.796063761837408
 -14.551303692675008
 -15.284514930354058
 -15.995800895969197
 -16.685516176130623
 -17.35388238746971
 -18.000884755544366
 -18.626981288059426
 -19.232127661688626
 -19.816663688600062
 -20.380426849930732
 -20.92375695784874
 -21.446506267933174
 -21.94858613353148
 -22.429967005759476
 -22.890117004701867
 -23.328637220422177
 -23.744582088626547
 -24.13656281175837
 -24.501624501399323
 -24.83270497422963
 -25.164657139143348
 -25.50396697621867
 -25.843276813293993
 -26.182586650369316
 -26.52189648744464
 -26.86119155007787
 -27.200501387153192
 -27.539811224228515
 -27.879121061303838
 -28.21843089837916
 -28.557740735454484
 -28.897050572529807
 -29.23636040960513
 -29.575670246680453
 -29.914980083755776
 -30.2542899208311
 -30.59359975790642
 -30.93289482053965
 -31.272219432057067
 -31.611514494690297
 -31.95082433176562
 -32.29013416884094
 -32.62944400591626
 -32.96875384299159
 -33.30806368006691
 -33.647373517142235
 -33.986683354217554
 -34.32597841685079
 -34.665288253926114
 -35.004598091001434
 -35.34390792807676
 -35.68321776515208
 -36.022527602227406
 -36.361837439302725
 -36.70114727637805
 -37.04045711345337
 -37.3797669505287
 -37.71907678760402
 -38.05838662467934
 -38.39769646175466
 -38.736991524387896
 -39.076301361463216
 -39.41561119853854
 -39.75492103561386
 -40.09423087268919
 -40.43354070976451
 -40.772850546839834
 -41.11216038391515
 -41.45147022099048
 -41.79076528362371
 -42.130075120699026
 -42.46938495777435
 -42.80869479484968
 -43.148004631925005
 -43.48731446900032
 -43.826624306075644
 -44.16593414315097
 -44.5052439802263
 -44.84455381730161
 -45.183863654376935
 -45.52317349145226
 -45.86248332852759
 -46.201778391160815
 -46.54108822823614
 -46.88039806531146
 -47.21970790238678
 -47.55901773946211
 -47.89832757653743
 -48.23763741361275
 -48.57694725068807
 -48.916242313321305
 -49.25555215039663
 -49.59486198747195
 -49.93417182454727
 -50.2734816616226
 -50.61279149869792
 -50.95210133577324
 -51.29141117284856
 -51.63072100992389
 -51.970030846999215
 -52.309340684074535
 -52.648650521149854
 -52.98796035822518
 -53.32725542085841
 -53.66656525793373
 -54.00587509500906
 -54.345184932084386
 -54.6844947691597
 -55.023804606235025
 -55.36311444331035
 -55.70242428038568
 -56.04173411746099
 -56.38104395453632
 -56.72033901716955
 -57.05964885424487
 -57.398958691320196
 -57.738268528395515
 -58.07757836547084
 -58.41688820254616
 -58.75619803962148
 -59.09550787669681
 -59.434817713772134
 -59.77412755084745
 -60.11343738792277
 -60.4527472249981
 -60.792042287631325
 -61.13135212470665
 -61.47066196178198
 -61.809971798857305
 -62.14928163593262
 -62.48859147300794
 -62.82790131008327
 -63.167211147158596
 -63.50652098423391
 -63.845830821309235
 -64.18514065838455
 -64.52443572101778
 -64.86374555809311
 -65.62684549212344
 -66.588085469044
 -67.54932544596456
 -68.51055064844303
 -69.4717906253636
 -70.43303060228415
 -71.39425580476262
 -72.35549578168317
 -73.31673575860373
 -74.2779609610822
